file0
1452
1672
660
323
1253
1607
37
880
1201
161
847
1441
229
1046
266
1284
1320
516
1053
889
539
1565
713
1341
320
26
1381
751
504
1979
1147
1956
1652
1807
632
1257
1767
669
489
968
831
1336
409
1060
734
1027
697
54
1543
1750
file1
944
82
1668
1657
1423
1988
36
1156
1091
540
1136
238
496
1140
398
1128
397
165
150
1238
1133
981
926
1894
393
1660
921
1090
66
464
1193
1010
898
861
1020
321
1201
1408
1829
293
1948
965
531
796
457
929
277
1206
1446
427
file2
444
931
1760
1370
825
153
1030
98
1244
1449
914
789
811
1812
1650
1831
485
1203
1239
315
1496
1539
1632
380
336
442
1661
613
1648
1108
1392
93
391
1152
1815
1217
1305
1198
1667
901
647
934
1690
1458
746
1692
1642
1584
896
1233
file3
251
744
773
235
1124
1109
677
786
74
326
246
1466
771
989
618
586
558
1923
136
226
1177
783
1160
867
594
258
912
236
1842
1808
1469
445
552
242
681
29
1703
1358
1167
1777
36
1765
1595
807
754
213
1746
1313
489
1882
file4
1539
1666
1018
1051
885
1612
1309
149
200
1504
1957
1669
1949
862
264
630
891
319
341
410
449
377
175
44
1537
929
610
1635
242
1099
1869
133
1117
887
1184
354
851
846
504
350
813
1073
651
1675
1337
1634
918
1656
1975
1328
file5
105
704
1503
502
241
785
1112
1876
1027
211
98
1513
1680
985
697
386
189
1895
890
1240
245
56
313
897
83
2
531
1002
1659
858
682
116
1562
538
618
1804
1323
1730
32
702
293
482
215
325
1468
1265
1064
1657
1160
306
file6
1249
1406
362
1915
655
446
1917
1538
1800
1576
396
482
45
310
1020
1015
466
343
1098
851
1046
1743
1333
1261
421
801
878
1485
810
39
1791
412
1797
154
327
452
600
244
342
400
173
1090
1234
570
1400
255
1585
1867
950
683
file7
718
1996
779
51
1610
1200
1205
488
685
367
879
476
676
982
1458
1128
1934
1703
1822
686
228
912
1921
798
313
176
735
180
1478
1771
898
1475
550
1301
1437
1750
506
277
787
1226
1157
1615
5
1833
598
1816
1314
532
1519
1136
file8
1219
99
49
1492
1249
362
20
1984
894
1498
1755
144
1325
657
1445
762
407
304
1392
1546
1530
549
1162
1887
734
1760
1703
48
644
1574
1537
215
1673
1938
1707
922
652
1727
1259
1226
1014
42
551
24
1487
1666
783
143
1058
330
file9
1673
1959
1492
1913
693
1604
1616
1094
248
1191
631
816
1216
569
523
491
1573
603
1750
1119
181
1116
1513
1084
1140
1000
750
1924
1496
160
254
1521
119
98
1434
1165
1702
1051
259
302
594
1242
1118
1810
163
1994
653
1736
597
403
file10
1207
778
1520
720
1862
1012
72
965
936
1568
1125
1542
1442
1597
1640
876
762
1694
279
1373
1997
1225
967
1467
1388
1130
1461
41
1218
410
445
425
1540
317
1497
1403
1329
1569
266
1490
197
1808
932
146
1801
160
1260
1495
440
633
file11
1844
17
1600
1312
1405
1082
1125
1447
300
1536
244
1077
1076
561
574
831
1890
144
1903
508
1986
101
669
918
599
470
1078
1860
1965
1870
845
1810
1888
446
1122
1645
1880
1092
181
487
1688
1610
1916
249
185
747
492
681
1003
1352
file12
667
1456
21
1937
55
491
1015
1915
457
1238
761
267
1478
1559
1741
1123
1439
692
568
1972
1180
256
1935
1096
858
120
195
1702
801
1198
1054
1820
654
1076
1757
1062
1567
772
977
376
362
90
995
1840
1
1088
1316
1793
1781
1884
file13
1765
961
492
1700
57
1702
172
604
1404
1325
1803
459
1145
809
1887
902
1871
1454
27
1201
183
741
1643
1178
582
1645
267
250
1438
48
134
1555
1361
978
1608
1770
681
1780
374
437
1106
529
896
603
1339
1135
1858
1562
590
1885
file14
1115
1125
626
759
303
1560
404
922
1810
1842
970
296
1397
683
1627
1005
453
308
1138
828
745
596
1709
1994
1199
1048
1129
1057
963
71
1294
78
1196
273
1189
1852
1833
1593
774
1996
1787
97
644
1537
780
271
894
1234
579
32
file15
414
1677
628
123
23
180
1524
1504
1589
487
1576
884
917
1124
1157
107
976
1342
52
103
1690
1840
200
335
1377
980
606
271
566
1538
656
1567
1636
1456
1590
168
1094
1758
1819
1022
994
1088
147
503
1195
1475
197
1600
1578
1888
file16
1792
130
223
1169
1463
1181
29
719
800
1010
286
789
466
228
957
1798
1323
715
1617
697
61
705
1196
564
253
672
762
205
602
650
1997
1085
1225
1518
548
406
1662
577
1478
463
1939
116
1252
757
345
561
555
20
1277
524
file17
717
1690
1582
1914
255
187
938
1017
392
1892
19
741
977
1596
259
1525
2
273
455
1832
736
394
1949
340
1504
294
902
59
314
531
936
1383
221
870
1297
828
1057
587
197
1801
480
568
894
1457
164
1153
1335
519
1426
1790
file18
351
515
536
652
1207
40
946
461
452
1612
1344
1388
996
1918
610
645
746
19
1233
1296
1820
65
1864
1066
1522
29
219
1209
548
1997
1351
1251
864
1888
1904
72
1928
1202
885
732
815
230
472
163
148
1082
1160
1246
1101
745
file19
542
1273
810
407
339
685
436
910
1894
1336
1260
1246
939
124
1486
843
548
1766
398
1434
499
1213
16
971
1728
164
406
888
1410
1507
1634
305
1133
444
712
1472
1481
1500
735
1376
1188
1995
974
127
471
460
1323
1020
226
73
file20
806
725
1286
822
49
1366
1338
455
606
1100
314
592
1405
1447
1389
469
1272
870
321
7
246
1509
354
1220
1989
825
32
1664
197
259
1737
1355
984
1375
529
1033
1093
1867
1840
1699
1320
155
292
1602
33
1547
1226
903
1868
1233
file21
1502
1730
1939
1074
1719
1117
1107
1735
1314
1366
1472
1022
702
1199
1551
88
292
1771
1928
1991
1091
435
635
168
38
668
1715
1264
1572
1936
850
1426
1666
1141
500
1737
258
1607
1925
1325
944
947
28
143
116
621
396
778
1712
832
file22
1414
1881
1222
434
1948
838
358
1884
40
1784
1902
1182
285
1639
1792
244
1111
1717
1570
407
1016
1598
902
1867
66
1689
840
814
468
553
1646
234
786
1220
668
1086
59
1027
1323
451
1163
1225
1633
1448
865
1426
1693
1976
1495
1263
file23
384
864
1213
1638
731
1279
1328
1571
445
1796
476
444
30
1614
1664
1050
1053
75
429
376
527
1593
1953
512
1393
818
290
1086
1147
1786
701
1883
650
1914
1521
1733
1545
849
1656
343
645
485
787
1027
451
430
1504
879
1211
232
file24
1758
804
186
270
550
1004
561
1636
503
699
690
386
1701
956
1908
1786
854
1109
1794
1197
107
279
1984
1486
1083
787
1916
939
18
1128
1172
1776
284
1358
47
834
714
960
823
1570
11
1865
1956
64
821
216
202
27
1326
1996
file25
1576
1785
628
1912
1271
1711
700
1540
1002
1070
1020
174
847
1304
1884
1246
491
951
206
1666
521
569
1531
829
633
704
1046
835
732
724
1183
308
509
1811
221
132
1874
1273
1672
877
343
692
1403
1542
1997
1288
788
840
591
994
file26
506
1112
1915
389
1941
548
1093
1339
1735
177
415
919
486
1276
1082
1059
1409
957
684
1081
186
1027
126
1589
922
475
877
1710
1315
1468
1057
173
932
972
562
1226
1873
7
917
1608
185
1333
879
1023
961
314
82
370
1271
766
file27
1804
1809
145
1930
1398
1067
405
628
778
72
448
187
245
1381
1159
959
1384
1166
1876
1345
1351
1209
224
374
171
538
456
893
161
1574
1049
1970
979
1721
1491
1736
349
621
1808
797
808
530
1968
1564
1489
1352
731
1366
697
82
file28
927
1274
809
1450
164
1617
696
678
1192
1745
1000
1616
725
721
1107
813
1422
1729
974
220
537
1379
1102
857
1296
592
562
27
1958
1259
461
1237
885
1270
688
1402
1240
1384
80
432
1129
1080
400
206
154
1507
1372
1576
1236
346
file29
148
1774
77
1251
631
1373
195
1193
1400
505
805
214
1742
42
1836
782
1444
1076
518
1524
1860
0
957
260
206
1111
1768
1930
1039
1356
276
1188
1130
354
791
114
1727
1338
1659
1480
1843
816
46
1585
859
1882
720
303
1311
1238
file30
180
1171
1238
1489
1784
1797
600
1904
1727
1991
1260
4
1531
391
710
674
857
789
12
516
269
1855
1685
315
1793
544
550
513
1199
1861
103
1731
1032
1342
1220
1168
1491
172
1072
1218
333
1574
47
1076
636
722
1933
1426
734
801
file31
1695
942
486
363
1087
1382
913
1600
934
774
55
1017
158
1749
238
1327
1240
762
751
459
1278
1084
385
1678
160
1022
400
445
448
1486
1247
495
780
85
858
1867
1820
123
1819
1106
897
1875
1408
1624
713
865
1476
1838
1676
923
file32
413
784
1435
1536
1881
235
1375
1480
731
155
1917
1941
23
1737
65
194
1195
962
69
1319
722
46
32
1809
1263
1860
1648
939
967
923
1352
103
358
1140
1640
239
1367
1719
106
1522
1637
48
1897
1726
465
444
922
1427
513
593
file33
502
911
625
311
174
838
1113
157
1234
818
612
1593
310
604
184
1685
1971
256
144
1846
1893
544
1743
1009
539
1245
788
1053
1838
1290
1964
816
1954
491
1654
265
1604
163
1500
774
775
1445
1084
1380
1629
1122
1351
1885
1266
1197
file34
130
162
1293
454
1171
1832
1699
311
1237
1538
1602
1554
706
1908
45
712
173
1
875
25
1128
2
1470
564
1382
1100
1686
1086
1337
1304
635
1468
1466
280
1922
989
465
1973
1301
54
1863
1255
1608
569
1163
5
1281
1688
359
508
file35
1714
1839
863
1184
403
245
636
90
1683
1974
1746
671
1794
1213
951
68
554
1768
393
1855
1823
257
1462
1783
1178
977
141
812
666
500
1320
380
339
183
1916
1094
781
905
816
879
931
1487
1025
496
791
1445
1050
559
1838
1258
file36
382
95
1072
166
1274
50
307
86
1068
1159
1758
1800
1850
294
1716
944
1427
973
481
243
1852
1764
1731
1229
612
522
674
1662
1081
513
1272
1816
608
345
334
234
747
993
672
1815
152
431
1615
354
1077
1683
1298
504
657
131
file37
747
861
1895
830
91
859
1704
1117
522
1138
1630
146
954
591
843
1640
1177
1590
633
1850
1405
1137
1372
1491
1710
1408
1141
566
417
1625
1665
1872
496
73
732
200
1191
1606
1690
1173
1752
996
1764
596
636
1294
186
1269
1144
1944
file38
406
129
1668
249
1839
1428
1743
405
1845
1368
70
1828
1592
918
1901
324
1471
1092
1930
1161
618
1683
158
734
631
794
28
817
416
1172
1113
1174
1653
1134
1776
1492
562
1871
760
1591
672
588
1183
1942
489
1508
1413
1934
1438
927
file39
904
1473
1437
1638
104
583
1667
1274
1351
1191
739
526
845
1873
654
689
436
525
1291
1196
116
1963
136
1299
257
977
807
23
911
598
950
1815
71
1806
528
1322
154
1026
1016
893
1552
1861
767
206
903
1203
731
194
751
847
file40
509
1239
498
766
216
1306
789
1480
256
91
1647
679
1182
1453
1207
857
1278
1361
1883
295
255
1787
508
1374
1993
1411
929
1076
1605
1680
275
466
1271
773
1233
1487
431
374
1319
687
818
967
1367
352
772
574
1209
51
288
1092
file41
698
895
879
1206
269
1224
618
1198
652
575
1230
927
1042
501
1701
627
340
484
1353
1660
1172
523
979
539
876
1751
1465
85
154
105
1530
852
1000
761
59
1269
338
1029
467
990
1956
49
1918
1350
550
1971
1977
891
455
1683
file42
903
1979
206
1882
870
1082
1633
688
1520
1788
793
1402
992
146
163
1051
1767
501
432
235
1844
389
636
1762
1739
1187
85
69
430
892
1752
1333
872
310
1215
94
1745
1200
782
1617
1340
1928
1019
333
74
1534
1736
1841
388
169
file43
428
232
910
1065
346
1001
604
431
1070
1034
1675
1174
719
547
1485
1934
994
1582
1486
1776
1199
827
1704
218
1512
130
104
1600
1972
492
1769
752
1076
1031
1817
1422
33
421
205
1455
1807
1881
630
526
780
467
812
1774
49
299
file44
1551
1600
1478
1607
1818
1342
1738
274
942
62
767
1064
814
1843
95
984
1266
480
1757
1823
1936
1565
1704
918
443
485
1385
1256
611
1786
1907
514
1386
1737
122
1556
1079
212
1830
21
949
1437
1440
793
1885
424
411
365
182
586
file45
653
99
291
1571
542
1128
1308
1798
1739
1446
57
254
1184
1794
728
1092
873
940
923
1247
1566
224
1036
1006
1017
921
1431
1780
1639
1965
367
292
64
1010
216
606
490
1876
757
229
1675
1166
835
859
961
1915
1952
186
855
1227
file46
1785
773
1451
822
1780
821
1743
1563
953
1734
1528
1672
379
1592
1034
595
550
1524
823
1659
106
498
826
941
1710
1787
857
14
325
64
1241
111
838
1044
933
618
1865
1028
533
1171
763
61
843
1494
5
1878
89
907
1402
1264
file47
567
1860
115
1745
802
177
1884
11
191
209
75
1784
672
1265
828
1605
235
1046
986
768
217
101
829
1412
1595
1186
1642
36
94
1397
1652
1013
1257
1767
758
59
1944
642
422
135
1203
498
271
1876
1100
1833
351
146
819
1119
file48
715
1272
301
479
867
1487
122
1255
1933
1519
908
946
776
675
1704
1188
972
698
1610
1459
254
460
1731
130
576
831
1963
927
1329
1135
398
396
407
699
875
1627
187
997
882
120
868
1790
1067
1997
818
1123
1185
174
1147
1249
file49
428
1960
1332
910
888
515
1225
1815
196
360
565
592
1120
1265
1820
747
1452
817
1981
1924
38
124
1343
35
942
819
1220
1084
993
719
685
1773
679
18
683
1567
533
1908
1734
730
621
300
1322
1741
1565
1494
840
1369
664
1173
file50
1293
702
1297
989
737
591
1808
309
1675
801
1380
361
926
60
379
1609
1979
1264
1869
1714
1994
490
366
1669
583
283
1163
1775
1652
1827
949
881
598
286
1618
1190
94
279
865
1247
1660
1578
173
1720
1957
1782
51
1222
4
1765
file51
1568
494
483
1237
1430
766
753
1205
770
932
506
68
1814
1105
706
1784
295
801
64
1512
400
1724
1091
574
1796
1400
708
1847
974
712
1965
543
1559
448
132
1341
1567
898
337
170
1405
757
1984
510
1464
1768
1157
617
184
669
file52
1017
1908
112
1943
56
1513
652
256
487
1716
221
1030
1627
1021
1515
1320
588
752
219
1278
922
1624
35
1258
486
1499
1027
1643
116
1211
664
1486
1472
777
1429
1528
290
433
136
502
357
160
481
1731
1675
1802
671
427
21
1949
file53
1350
1997
1985
960
483
1836
1987
126
305
1551
790
1791
1375
1919
1220
1255
209
6
1392
1339
508
101
1499
989
1832
1174
791
856
1953
1164
805
1655
1161
1142
616
1644
1331
955
122
1636
506
1265
1427
233
1184
999
1489
1746
1357
881
file54
1085
1865
982
584
1207
1167
110
1998
23
415
1515
1180
71
676
675
1039
673
6
1994
795
1642
853
412
1421
1086
1949
772
927
1695
130
1808
780
347
1143
1716
1554
310
178
1905
685
593
1420
1016
448
892
407
1121
898
754
269
file55
892
1607
681
665
1045
630
1438
1973
325
1920
1781
1457
619
1276
1173
174
1938
1703
431
623
649
203
841
17
651
1733
425
1773
632
1179
42
1876
1138
723
542
183
1706
332
508
31
604
642
1841
1223
1918
1014
1749
1857
1070
532
file56
480
1719
735
1673
88
1387
1407
865
1160
391
44
1554
267
1534
277
1161
1718
335
1845
226
367
449
1220
208
25
1139
1574
1774
996
659
1828
1067
1394
1854
1156
781
1261
21
293
4
418
1847
623
1952
477
1785
22
812
1630
601
file57
1179
432
1821
1739
457
960
1666
583
308
662
1242
489
1730
637
343
886
1770
1956
1259
64
312
1677
1911
935
1630
388
1072
4
1201
1055
605
732
1487
427
824
1944
490
879
48
1152
474
889
882
1111
1584
120
1233
1540
1380
1297
file58
1852
1409
1561
1139
1391
1949
212
1396
1502
1267
1
235
754
780
1411
1050
520
1901
281
920
1053
755
1809
288
218
1393
760
1452
1285
492
749
1489
254
662
628
1645
612
840
1041
466
107
1395
1213
175
464
615
1047
365
897
319
file59
1771
1652
128
411
1871
1873
1171
1323
1510
16
424
999
270
1087
1980
1915
51
820
1309
517
1280
1056
1923
845
1583
387
1461
631
753
358
950
876
10
1431
1287
233
1656
810
1908
1519
826
333
870
1448
1772
850
1716
1823
23
1025
file60
692
1655
81
615
500
1664
1355
313
647
460
1023
1950
1336
1386
1733
975
1619
1389
1785
1528
908
964
213
131
764
1985
981
480
160
1004
1505
1204
1011
1938
1820
1512
1955
1527
177
602
1987
1201
552
1323
587
285
298
206
27
435
file61
86
1287
1751
299
1418
516
636
752
996
796
108
854
1
1120
792
173
984
1099
1700
1161
1702
39
362
606
1362
949
1244
12
1508
1623
447
1594
1262
199
1894
1033
1067
530
1785
63
1679
1893
1269
32
1013
414
557
1997
1513
609
file62
1511
1567
648
1873
174
10
1175
1770
374
683
1745
821
629
1007
1372
875
40
439
1406
177
855
1437
71
124
1469
1436
538
378
1786
404
987
1297
1971
1635
1522
497
1997
697
267
371
1732
364
1544
362
1724
1269
1589
1764
1708
995
file63
1942
915
784
365
1392
605
1801
282
983
1587
686
1970
1236
658
1957
759
1155
1954
1808
1775
677
1893
139
222
255
215
1491
196
1980
1551
1192
274
819
328
639
211
934
792
845
1917
380
1532
240
1968
190
197
727
1697
504
536
file64
1472
1533
429
1964
107
1036
179
1598
1232
511
1502
776
1137
673
1105
1776
1236
391
921
81
308
1653
1613
548
1621
155
746
349
205
1602
1237
29
1135
18
1993
1243
1406
525
1193
990
1388
1047
1767
526
1720
1224
654
956
1615
1927
file65
1390
275
1580
1355
824
1202
1511
1922
1551
1716
1876
1140
1745
1011
1158
91
606
916
968
1800
1906
708
1199
25
1586
920
1249
593
228
1216
520
1970
1844
101
1326
668
1303
1189
942
1206
1257
1170
698
1354
181
208
1445
1124
765
940
file66
1030
1826
139
1056
1412
1411
657
5
1992
226
878
1962
70
979
1640
1090
634
829
32
1840
86
1202
538
1441
1735
1098
1238
875
222
356
167
1252
182
659
660
1946
1670
1952
414
1896
830
729
1966
161
369
795
1199
1440
987
1637
file67
994
1877
1078
729
975
669
1957
1197
1025
124
801
1207
783
1462
1505
1206
1132
1809
1972
1380
991
701
1346
1152
1071
754
1947
622
194
934
259
1188
811
1338
269
138
359
226
1335
1384
703
137
943
1486
1951
448
1044
1435
258
1017
file68
815
1249
1718
161
754
1141
915
1053
1763
1461
1988
23
649
1151
1713
918
1290
72
1497
977
1808
200
1114
751
38
1417
1551
1083
852
452
1667
1411
170
180
517
1664
1447
1570
1427
908
1910
1802
1909
1062
1867
1180
704
1939
677
33
file69
99
1229
1500
850
1267
917
754
702
122
915
1154
141
678
1677
322
1195
1341
121
766
1120
1382
676
923
1643
90
790
823
1146
1082
1852
1180
1181
1081
680
384
701
1597
1138
1403
71
53
910
213
732
587
887
1927
1928
1360
693
file70
1048
742
1722
323
386
1812
1114
1561
959
548
1414
139
1729
847
1171
113
1548
1120
1251
1304
1192
1657
214
1405
389
801
292
668
1081
1652
1714
481
747
1436
805
1485
1600
271
1046
559
819
460
1050
1660
221
1014
1208
1342
617
512
file71
886
274
1078
291
1015
1879
935
36
1312
939
1750
1794
38
1538
599
1523
1138
1222
570
50
41
1382
1452
941
1042
26
307
251
1720
925
1115
606
1199
194
897
567
425
184
603
1738
1475
353
1532
1514
243
483
1037
1733
1705
1607
file72
135
98
990
1588
1391
32
1614
1699
635
1686
624
103
292
175
297
1541
742
1074
1725
1697
812
1200
402
344
714
645
1179
104
731
1236
1711
866
1334
1053
454
726
1438
420
777
425
106
1401
528
750
1928
1177
291
1023
252
368
file73
720
1064
1569
1123
1761
635
120
940
1091
851
177
1155
1718
1863
208
524
941
1998
1297
424
1755
1471
952
506
1400
130
1149
423
382
1518
1495
1798
1439
970
1559
426
852
294
1381
673
364
1244
1233
889
186
1232
538
256
8
293
file74
1728
1312
1151
1480
1442
301
255
176
1819
1750
327
1610
721
1886
36
164
738
1554
810
119
579
1175
1716
165
416
254
1397
954
510
1757
1599
590
1069
751
70
864
1052
325
1392
1223
428
1719
833
1501
1606
1221
17
696
1128
827
file75
1168
1707
354
884
1872
770
1490
1621
76
0
1378
28
591
800
779
1013
1664
183
1691
1408
1758
119
1128
943
1620
1086
164
1989
1782
1292
816
1302
1000
1171
538
1224
293
1198
722
29
576
750
972
1728
1881
337
1744
64
1153
174
file76
499
281
1117
471
1367
1281
460
1501
574
1277
1156
1926
800
1694
1502
1445
1723
700
519
1752
1629
1269
1076
1357
1413
1102
1566
1794
255
92
293
888
1209
765
607
491
1577
1417
854
1616
1343
6
1311
845
1804
1034
1898
323
1138
1527
file77
1593
566
884
1447
331
338
1014
125
945
1458
771
1833
668
1888
792
1159
1465
1253
576
672
1221
271
1030
532
1468
834
1918
1366
1158
1408
893
1103
1974
130
550
306
468
1916
783
1414
1375
1554
1599
43
1442
392
1260
1997
482
1932
file78
1218
1105
962
103
573
1797
21
292
1307
1430
1537
410
1756
1667
1312
62
136
1229
846
1902
956
752
1853
999
547
245
905
1807
594
1387
91
165
492
1053
268
1417
1202
641
1709
509
423
1247
1271
180
1266
936
1754
1440
1656
1473
file79
545
1510
824
1092
107
1729
1251
1054
1468
1342
1219
1960
395
1487
1950
128
1791
811
904
1390
435
1084
656
1371
1678
411
1888
1471
419
1361
16
281
185
1460
389
266
711
1443
1734
53
1014
46
800
501
1775
750
981
1918
1562
1885
file80
1308
349
969
317
1720
1000
728
1960
471
1499
1321
839
1781
1858
299
522
124
1010
1063
1331
1904
1863
184
31
966
1165
1950
880
1403
1258
1229
724
1575
949
1724
655
1261
547
507
582
1386
288
792
1685
1162
916
695
1831
1126
110
file81
1514
1030
1974
1698
1061
1292
1215
1011
172
618
622
1401
1695
549
702
1419
1205
1963
1967
64
897
1353
704
1689
1391
1866
605
438
49
1731
1563
1113
875
1613
526
167
828
1890
339
1799
512
92
1846
1413
794
1265
970
1109
1584
1034
file82
6
938
1738
1695
681
1956
652
1119
5
735
1668
1568
200
895
1533
726
1414
714
968
1753
865
1480
197
711
1246
991
1976
216
100
1561
1251
458
851
1341
505
1884
1298
1509
1003
1303
244
1024
1224
796
1919
757
1875
1334
1823
843
file83
1439
688
676
1637
1399
1922
980
1728
490
1433
1641
1741
1891
492
1435
397
376
733
1906
1731
388
503
755
1612
1299
1027
722
1526
713
545
370
152
1234
1046
141
985
1320
1122
1810
555
354
1904
798
846
1339
1195
1574
72
1454
1306
file84
460
1957
413
425
1608
1440
1499
1135
153
44
1857
658
1630
903
799
616
223
273
1329
385
1180
1684
289
1979
882
1628
1526
809
52
980
467
865
1289
880
1290
1250
673
789
737
1178
1185
594
1836
816
1849
988
1432
424
1613
761
file85
809
1146
797
1099
1125
32
1079
1003
841
1132
1984
1308
1997
1625
540
1639
875
1565
780
1612
744
1965
558
932
781
407
272
565
831
1886
1679
1993
1032
476
1092
509
508
171
1864
1701
1655
200
1009
4
1826
1902
1643
1053
1467
423
file86
1018
563
741
1576
1496
1522
1984
120
440
1167
6
119
1160
1390
947
604
251
1808
1128
116
1509
783
316
871
788
494
773
1548
592
1559
566
1156
300
142
1004
174
478
1124
614
1998
1483
733
1158
1225
33
1763
1477
1841
1243
1945
file87
1350
26
613
221
1166
1108
1346
302
1008
291
1861
1574
1447
161
68
803
335
899
1927
950
897
1410
35
407
988
522
465
261
1765
762
1612
144
1375
185
1662
835
1884
1964
1843
175
1825
1769
1974
1986
190
777
674
1089
704
1976
file88
338
467
363
745
1455
784
1620
272
1045
1385
1386
657
1881
1113
1195
1544
1949
1079
1508
144
1254
1686
266
1580
24
456
357
698
1545
1413
1026
235
232
1390
980
39
174
952
663
1219
49
229
571
1163
1776
115
1464
855
1976
1960
file89
461
1662
226
41
38
682
750
1089
579
163
115
814
396
1857
147
435
31
1099
1603
1789
1500
184
361
1015
312
828
831
1167
1156
792
1980
1170
1018
373
1209
53
1123
298
984
1286
413
1799
34
623
822
1006
1749
273
609
1891
file90
1773
1145
604
1141
1457
1432
1972
976
941
764
1308
111
135
1681
1320
540
804
1618
1524
443
384
1675
829
1007
1973
1651
13
75
276
975
1966
402
472
922
1543
282
706
1515
1610
1647
632
919
1759
1119
952
1079
1659
109
1050
1183
file91
904
1434
859
1733
793
1184
1737
1158
1611
13
485
1929
415
958
851
1958
1592
1558
1826
1202
1205
458
473
964
1577
1426
396
1588
1535
1446
771
791
1232
1982
524
25
1519
261
1130
627
21
1412
1042
1331
263
1353
923
1821
1179
477
file92
1379
1989
951
343
1918
729
739
1506
616
537
629
1407
1769
612
283
146
483
897
1682
1965
1524
55
1377
918
1738
1641
271
661
1814
1802
1490
1193
143
793
1889
61
1522
980
1567
490
1518
197
1897
1639
1161
533
1786
1644
1430
1820
file93
1961
954
227
1339
1872
1965
1332
496
978
1146
650
820
340
794
1614
581
1207
1488
1561
775
1979
1431
1324
228
1071
837
761
1209
481
543
1381
442
1497
1608
133
1722
1925
1465
218
903
612
1220
75
1304
14
1689
237
1222
1530
1798
file94
349
1509
1230
25
89
301
862
1203
1862
1695
1746
1243
489
1596
851
623
1318
776
440
1888
31
1404
1460
106
1060
1827
148
1297
1401
1678
1096
1750
1539
678
127
1980
1331
989
1183
1193
1036
1282
436
1525
1287
500
548
415
941
788
file95
798
697
248
1256
1758
75
1756
1055
1828
1434
503
1578
1325
1181
57
1306
512
1398
841
1705
434
123
141
312
1353
1780
1164
253
547
457
1393
1697
1155
1994
913
421
1062
320
250
849
824
180
174
5
238
1480
518
1636
322
575
file96
423
797
717
735
503
849
1899
1108
1749
357
502
1446
1512
496
752
777
1269
1815
1097
1519
664
1921
1700
1190
279
1938
671
1926
1345
1724
349
142
793
1084
997
1643
1336
106
1392
1693
608
1557
1456
1943
334
725
110
1431
597
1126
file97
1705
297
316
1984
587
1339
1133
865
684
857
1567
1179
1651
651
176
1646
339
634
1038
384
1594
228
1941
1402
523
627
480
633
59
1077
111
116
1726
428
100
665
119
1585
1530
804
442
1097
335
445
101
863
91
792
1850
1481
file98
1177
1444
62
1118
847
585
1746
1327
1571
157
404
34
625
482
814
1077
1147
934
662
1029
90
1456
479
425
1902
580
1640
345
1372
1490
179
901
935
241
20
134
1178
118
1813
749
275
569
1136
1252
1051
1950
329
198
884
991
file99
1579
974
799
58
1751
701
990
1744
1399
363
1234
1578
1264
521
171
1636
1007
1349
1754
820
451
381
1389
1587
1633
440
1537
314
422
1305
570
1748
105
980
1852
1158
1971
1596
909
686
1182
839
302
56
1010
1939
1063
360
45
1884
file100
1163
779
1273
750
764
66
287
1079
1408
1061
736
1978
1162
1193
1311
1014
704
1282
962
1613
1968
144
805
270
200
1815
561
1616
527
607
1500
1690
1738
1125
792
502
1543
1432
1933
952
493
670
7
215
593
1373
919
227
335
885
file101
195
832
1690
466
1384
1857
1379
1000
737
1986
852
427
76
330
1220
579
1873
652
864
1177
1497
1534
812
102
1757
1230
1021
1985
1918
258
180
1102
300
998
486
158
378
1487
895
716
691
1674
793
1246
1724
1247
250
588
776
100
file102
475
1588
1957
577
1346
1539
1950
1331
1809
209
1863
911
509
862
1398
1019
1240
1237
266
308
1928
293
1101
1302
1177
549
1790
1766
1325
242
241
1266
551
818
612
90
768
295
252
1329
158
1163
191
1020
913
1210
150
1477
1273
431
file103
1770
726
1733
1661
1904
634
1803
1670
311
45
263
1577
596
1433
541
1039
553
1188
1291
1883
1347
454
74
719
1368
1636
1684
1870
1465
957
301
1587
1683
386
1249
1372
1052
1609
36
1450
224
1965
46
9
507
1437
563
47
728
798
file104
1394
1535
1224
114
903
860
1798
1125
326
1107
1779
1913
790
517
1514
730
1890
567
691
1926
369
916
1891
415
1277
750
1853
1840
798
933
638
544
468
214
1010
1723
1075
808
849
1753
267
628
1666
1058
1497
1533
140
1387
100
831
file105
1665
821
99
1909
1236
1377
659
1441
1569
1809
727
560
354
1195
774
1364
919
1849
525
120
1602
792
1100
1621
202
597
1154
342
337
1606
1526
2
779
1977
1911
15
1354
923
924
1084
536
1484
1790
83
610
1155
460
32
1474
414
file106
1176
926
387
1731
1524
1893
73
1861
1851
1951
215
630
1929
127
998
1283
1402
1159
559
486
47
395
277
130
1006
1784
1485
1818
168
1311
232
1344
238
972
1075
1762
865
1501
1975
1069
1452
190
1699
1381
669
1049
1017
423
208
1928
file107
910
255
324
1539
386
1682
1323
223
1500
1843
1886
84
1187
124
1056
615
238
274
468
213
1343
1920
756
1394
1654
1777
444
1023
201
652
951
1463
1260
1627
1002
1998
1309
677
221
809
520
107
894
59
584
302
674
822
576
1142
file108
1388
271
1415
496
1666
1421
625
462
444
826
1114
1395
289
726
1375
1643
724
684
320
1297
1846
1192
1757
1092
1252
341
1394
278
1515
323
1773
1255
594
1188
1751
612
961
377
1074
1405
1555
541
1152
197
1619
527
1840
344
1564
513
file109
1641
1410
1705
1398
502
1309
91
1896
1588
1607
571
1361
862
1166
901
966
130
1862
1695
1557
1267
1250
450
771
1799
69
1299
1992
765
863
505
407
273
562
157
1127
1872
249
1023
1812
1856
1595
1173
1070
1113
74
36
1936
1731
1504
file110
1555
1334
1954
326
1133
376
1977
1125
1141
1192
1982
1548
1817
897
1706
944
1121
307
320
933
163
267
106
1233
1380
532
1622
1327
468
1705
832
375
1039
1138
701
525
1514
1031
1650
1008
223
1985
556
41
882
614
985
3
921
1305
file111
936
1436
1924
1394
1022
1656
1926
644
984
746
349
168
1121
1741
1306
174
266
1173
1205
268
181
1429
605
1089
1822
1487
56
1159
1842
1329
817
1130
766
741
524
140
398
802
784
1382
1548
1485
1550
1021
1578
1208
1196
1844
381
753
file112
465
914
182
1070
4
356
910
60
1516
1104
1389
333
235
507
1074
759
647
1472
1914
1431
1206
1462
1269
1108
836
847
317
32
1044
1050
1137
1861
1965
1672
1283
1969
28
545
381
1544
1650
1770
1877
1885
278
1304
996
1277
776
1061
file113
335
725
330
1443
1561
1529
112
1945
925
1163
1082
1138
1480
1106
422
1449
1135
967
182
679
969
304
909
854
582
213
203
212
1341
1113
1273
1676
190
1603
1120
103
1484
1232
400
762
747
1483
1900
227
589
322
28
76
1642
210
file114
756
611
515
17
1818
1449
230
21
1661
1571
1486
934
1248
1677
889
720
1780
374
1952
181
1136
700
16
1036
927
957
1711
956
1386
1705
1518
142
668
33
511
486
1483
741
507
1496
664
346
431
1912
23
1320
632
155
46
937
file115
688
1534
1637
1056
923
916
366
634
224
1752
691
1743
1894
1359
1776
405
1846
1611
1498
705
1108
162
1051
1891
427
1426
1211
1411
1934
1610
348
622
1144
337
31
67
1254
397
1053
1830
149
1744
1573
395
1104
1702
1152
1302
1665
650
file116
7
773
1164
1411
1016
1591
837
580
1355
1123
190
1703
98
1334
393
129
1754
1999
526
1159
1829
675
904
1755
1422
360
1457
574
1662
1474
1576
1669
600
740
1432
1616
684
622
196
39
1745
386
94
1843
73
839
1972
179
838
850
file117
1338
668
1877
242
775
1299
954
584
1873
616
58
1449
638
658
542
70
275
1578
1044
823
1969
790
1210
63
985
1635
1255
1310
1814
93
160
1504
1113
38
99
1888
1337
1053
472
1563
1670
883
1364
660
1541
1906
1082
168
1836
127
file118
992
1805
1269
554
221
254
189
1476
1916
355
1569
77
1859
1035
467
1958
923
156
1012
1748
1719
1034
631
1436
46
172
1694
1128
693
1531
1607
1685
1336
876
239
1909
1483
428
1385
1399
1135
1307
1828
994
342
295
953
1617
804
317
file119
1365
875
1703
348
311
1749
873
6
877
1566
1537
485
1603
1225
1713
1842
1135
1196
622
872
948
1757
531
1128
751
1424
56
843
580
725
560
1455
428
909
1767
177
134
1773
1055
1700
1662
1892
1303
887
1957
1497
374
1154
119
1247
file120
454
228
1778
1582
1331
1004
1358
1740
199
1938
465
759
1746
894
20
1513
1071
154
1638
478
206
1652
370
1861
539
328
1266
1834
1829
865
640
409
643
222
1741
1999
1933
1481
550
223
1946
1310
1969
840
1682
1482
264
189
1472
742
file121
395
1124
1465
609
16
145
1967
1282
331
149
147
971
558
1142
1545
651
1494
1478
132
44
1702
431
1706
1671
1623
1741
1506
1887
1930
1330
630
677
455
95
1286
823
592
1606
105
923
107
604
1894
665
1746
1791
1669
1240
1270
1801
file122
1637
1324
584
1343
995
208
1084
853
95
1366
184
1077
44
991
1524
1682
1814
116
1640
271
1039
1747
875
1285
765
621
434
214
699
587
1851
23
1172
1546
1370
1732
631
224
1827
349
760
905
393
1751
781
76
1917
898
68
188
file123
289
1816
1063
1575
581
36
1004
1367
250
1703
1954
453
1726
1478
352
1096
1210
1335
1672
1038
1684
784
295
78
535
1428
506
804
326
574
992
616
742
407
543
1675
444
1899
1042
1046
1602
997
1500
1680
827
1852
1128
38
1187
801
file124
1428
1223
1585
1723
1301
473
1503
159
1629
1830
1086
622
798
1828
1029
1693
1504
1825
1592
898
872
1546
1895
724
1226
723
928
354
1113
467
1507
541
1690
1445
616
992
270
119
1899
301
589
521
1099
770
1903
1144
626
1728
736
1524
file125
952
282
1772
1676
1860
847
604
215
1960
1071
74
501
762
1519
1469
106
1789
1588
1609
41
1890
551
562
1341
1673
817
486
299
898
1222
175
1850
1857
1947
1527
1717
1146
131
284
1106
1203
711
1959
317
230
1428
423
372
1369
384
file126
413
1259
1287
1327
600
960
497
1438
1611
1395
1013
1787
1245
870
86
772
939
1233
1256
1576
691
811
287
651
1128
869
431
1551
1241
1800
6
1411
1575
1686
364
887
183
1802
499
1578
815
638
823
37
1076
1948
977
309
1204
553
file127
1353
15
840
356
1495
1709
787
1398
1303
940
1685
1661
703
1260
1347
1067
500
1530
870
999
1108
37
1637
284
75
713
232
1052
1375
1788
1957
1080
155
1149
1436
1650
1210
575
1048
865
1867
1085
527
571
698
1874
1638
1198
1405
860
file128
549
865
898
538
1149
973
1603
1733
377
978
1521
686
58
28
1835
1846
30
1397
422
1430
263
289
516
790
1212
1214
664
851
764
421
63
1313
1287
961
1851
788
286
1454
522
1015
785
395
1701
1195
776
1888
1042
806
1286
1816
file129
237
1549
457
753
339
1670
319
1355
873
1435
129
936
748
1768
250
951
556
888
405
1430
256
1542
178
309
738
954
198
132
1760
1484
300
1997
1385
757
1102
76
779
1773
1783
1652
1208
1912
941
1956
1680
1191
1259
589
431
17
file130
19
687
1559
197
997
649
1503
1195
1133
1264
1031
1433
1613
768
543
716
1196
1674
489
979
1679
50
1244
620
358
924
163
1618
1865
594
1635
1885
1634
1546
434
631
196
1938
178
1681
1554
1561
1467
1167
681
362
235
1877
36
1077
file131
856
1715
1127
100
335
1837
1377
498
1455
1242
1445
1442
1479
1079
989
266
62
1537
556
240
1218
110
153
685
1629
834
1047
217
711
1436
1294
1919
1151
773
372
1839
610
1749
337
418
1343
134
1860
1175
1213
849
1441
1275
738
1997
file132
1867
1957
459
20
994
88
854
394
305
1917
1830
1951
1837
1333
1076
209
1172
39
310
1862
457
5
1996
669
1180
1562
1871
973
1189
609
1322
1409
566
1781
1429
1913
1870
636
307
527
905
489
831
742
1822
1907
1303
1347
1946
1965
file133
1209
755
1971
1557
1425
1503
1471
1648
477
661
257
151
422
1176
1933
1851
1089
155
839
1748
682
97
589
1865
1191
763
1773
495
110
71
812
1671
1179
1135
1229
956
639
700
604
1468
1713
861
1619
135
37
1904
339
1478
59
1530
file134
1578
1094
1627
167
959
819
931
1084
1666
1393
1156
478
1065
687
1614
294
1643
605
1346
599
73
1412
1812
44
1547
1850
1949
238
1680
360
1769
1259
1454
1748
1426
414
567
709
1498
233
103
1006
1064
1168
1693
678
1814
1688
1283
1160
file135
287
1708
572
100
104
472
302
405
710
334
766
831
1593
220
580
1372
986
1147
81
485
1733
184
1843
797
1352
1537
1827
1518
1577
1462
679
217
1522
1603
669
1626
427
971
384
1490
1305
1150
321
1251
1370
1253
623
357
753
704
file136
1194
838
1241
1037
1987
945
926
1814
464
504
1628
1495
721
1150
1450
1742
1128
1878
713
1512
1720
370
1014
393
1973
385
1647
596
1094
400
1653
288
1238
1246
1677
1225
191
604
1391
655
1460
1019
502
533
521
1953
275
1
183
1340
file137
1866
1903
62
1232
296
36
1969
1943
984
1063
695
989
1703
285
235
1733
1862
427
337
1253
1434
149
624
1937
682
1497
1890
1309
1851
73
649
69
1976
711
1301
1099
1271
568
84
334
1615
1425
390
1901
1661
123
1763
88
812
1369
file138
1522
961
345
1811
1995
1843
1701
1304
46
126
305
115
102
1368
1416
1079
820
687
1647
904
1374
1614
681
116
1515
342
239
1631
782
1403
1000
657
716
1345
468
711
1540
170
367
1586
648
1024
1103
392
1470
182
1212
509
1829
1883
file139
1443
1150
351
1311
1844
942
627
345
294
1284
1061
1639
1752
124
1532
274
491
1118
923
1515
1172
26
260
642
208
1824
1151
389
645
1387
184
1795
1738
1847
1991
681
789
618
1378
1435
254
440
1427
7
564
959
633
1408
429
1556
file140
923
1601
1934
1535
243
494
1360
1747
883
5
1134
1420
152
872
1267
143
1905
409
1114
1284
1844
1368
76
1271
1727
640
582
361
48
1012
269
1324
613
556
859
1209
1050
571
956
286
576
90
1706
1080
1314
1325
1576
1220
1734
690
file141
856
1931
58
932
1554
138
1924
137
499
1973
1149
1120
1649
1762
1676
508
971
727
1080
279
1365
8
369
1423
1089
1684
748
665
1256
835
1707
464
766
117
1396
320
255
1320
457
754
1645
1958
1875
1294
73
1551
155
630
1235
1995
file142
1595
45
1418
1036
81
519
53
1689
1354
1760
153
472
1878
1901
792
133
1222
1602
1240
1219
1912
1467
514
1985
1370
669
1382
1
256
1410
348
1851
1455
119
1889
638
1293
1578
344
1054
84
816
932
1960
1417
1559
1914
657
779
1827
file143
476
1645
164
1847
666
1898
1848
922
1308
548
1125
1116
667
365
1005
1657
1659
935
353
1065
1371
1169
349
1357
1482
1766
1268
1748
776
399
1927
1252
44
92
1099
710
342
1299
1984
1651
200
1462
1119
1219
179
877
190
1411
1230
1255
file144
783
752
1604
492
586
1723
1760
334
499
160
262
103
556
706
1203
1619
1048
854
1955
1051
1054
1769
170
274
1949
646
1503
491
410
733
1747
1545
1837
1703
37
775
1426
149
1110
277
661
1724
381
1570
430
1936
1189
1478
790
1144
file145
530
1845
914
1052
471
1215
1699
1974
1706
461
1059
1805
6
897
1509
395
1672
1287
896
1134
1917
1558
858
298
1128
1288
586
669
1119
1376
165
1
1573
1431
1053
44
646
1104
370
705
1565
1430
510
1571
679
371
318
703
1659
1838
file146
1576
773
696
226
253
337
812
1274
1456
540
1439
1809
466
871
862
1869
319
1233
574
1884
663
1085
1808
1694
126
397
1467
1341
235
1395
1284
1621
1071
785
345
1429
1678
137
1238
144
1008
452
1358
877
771
591
1452
656
1606
889
file147
816
1300
345
942
1698
1813
636
285
1560
1454
1569
1182
878
1542
319
1223
971
1997
1360
209
493
720
662
204
1598
1785
1147
1402
441
754
291
1257
406
988
552
456
1153
1540
1094
714
994
663
1896
1872
206
567
1448
1529
917
1160
file148
1739
1410
233
753
1614
1831
538
762
1585
1332
1868
1876
941
626
864
1845
1435
18
1385
529
732
1544
980
956
102
1899
404
1632
816
1917
1723
227
150
828
193
333
1718
1307
270
1402
1527
146
344
506
1362
189
1941
1732
1927
822
file149
816
659
718
148
1615
821
48
372
805
864
641
880
1443
1143
60
1989
1828
1778
1296
98
1181
1176
596
1877
1682
1958
418
1623
43
345
797
1211
1356
1867
1360
1324
1040
1760
1845
624
689
1077
420
1832
1137
409
12
916
57
110
file150
449
1233
706
678
915
664
1096
890
1059
1794
39
271
1502
1907
1983
826
947
1743
874
1145
367
1915
222
1139
99
1360
1900
111
628
1958
221
1429
1543
927
107
459
1944
1555
1701
1355
1741
1626
1556
0
1609
382
1352
92
72
1876
file151
667
1563
1976
379
1464
439
1007
1422
1013
788
965
292
1247
1776
236
1154
1830
1944
856
1923
1570
412
1532
1146
870
1236
1107
1315
1660
984
1982
1224
1312
713
688
103
1720
462
1116
860
1779
1409
459
1908
1997
1613
1738
1941
821
1661
file152
1864
1585
1584
1396
1084
806
984
191
473
645
1527
807
221
839
1520
909
1295
1592
1723
411
804
1502
1820
1263
1410
170
877
1500
111
1698
1161
1975
1636
1097
720
256
1060
911
729
1705
791
1889
1926
1982
1409
1187
1277
1354
1262
1689
file153
158
764
1861
1422
527
31
651
27
143
349
1541
470
337
638
546
1057
894
1606
321
1976
1663
1112
1865
1941
1094
1626
1480
372
1332
742
413
1491
1858
274
1265
737
306
1916
765
801
617
658
1271
955
1648
169
12
543
1775
333
file154
871
1790
1797
1088
83
892
714
1563
1616
399
657
29
1890
516
303
1155
1253
609
1071
370
1410
1688
1380
1034
995
1029
1203
1008
1572
1331
1693
795
1473
1843
1883
1557
735
949
1472
703
1348
130
732
1590
998
1387
745
603
1997
168
file155
1326
1759
209
706
1145
1204
1735
349
564
1659
32
610
454
1505
453
689
1414
1540
1991
887
243
1691
1369
1327
1282
719
714
379
1322
711
548
648
823
1109
1707
1968
313
1442
669
1230
1454
701
1840
260
559
645
950
325
185
1293
file156
1212
780
984
933
107
266
1652
821
998
1327
1885
1898
327
1060
1007
34
1028
1672
1829
50
902
1283
1103
1094
1543
1662
1739
845
1988
1924
138
1552
704
1123
838
1163
1741
842
1985
739
521
222
637
849
1282
1644
1235
662
1669
1416
file157
712
571
699
1816
1666
595
1830
1757
1792
170
1682
1931
75
738
1406
1265
254
1499
107
239
981
461
1228
182
95
1225
1417
757
894
834
1822
1817
1885
1990
1835
832
172
1593
977
343
1627
908
770
717
666
35
971
165
494
1562
file158
756
1475
375
337
1657
470
1562
1427
1580
808
613
1402
625
850
1392
813
35
1564
758
1012
259
385
272
1029
1454
1290
1416
426
1807
263
1988
564
90
716
1253
100
1186
1167
1527
766
1975
492
520
952
1694
264
117
1729
1829
875
file159
1093
440
1612
1365
1822
1067
1007
1238
1493
815
1853
1833
1731
1944
549
984
44
88
151
1923
1206
126
767
1727
1430
461
1991
1548
543
172
423
1636
613
36
1354
435
1455
361
25
1300
1176
1879
1133
907
175
35
243
219
475
394
file160
494
1681
872
1261
1760
655
1722
1752
203
617
276
978
254
1241
1366
1960
1676
821
321
54
121
1850
285
1607
757
460
1642
1001
1031
469
1747
1525
150
620
1138
1911
1627
1212
15
1830
291
1160
436
1533
527
396
1561
1348
717
1967
file161
1470
567
604
1077
1677
1064
1071
1030
447
1540
777
1972
42
1749
1462
1953
1376
675
320
1558
505
964
719
941
849
1246
1689
762
594
406
1082
416
1326
1686
1493
1003
751
916
33
1198
456
1162
1523
499
912
1337
804
640
12
1477
file162
199
869
793
918
162
1642
164
1851
756
1110
610
1838
1527
1936
1525
1372
939
628
289
1324
1826
1097
486
1701
1948
1750
1391
1105
391
1403
582
590
625
1375
1860
787
1369
24
639
125
1486
1249
316
1013
1537
1841
738
828
469
1027
file163
152
647
476
990
701
425
741
92
1530
1484
1495
464
426
120
191
286
1260
1560
662
251
37
148
1852
353
1514
1389
194
252
217
1015
1631
721
1663
107
63
716
884
804
808
414
640
655
878
1066
1128
1069
1352
388
981
14
file164
991
1019
515
843
1724
29
232
271
633
801
1286
264
1874
1301
723
1937
17
1608
1094
1177
374
1734
1833
1253
1153
961
674
505
1701
8
872
692
1379
1387
1535
1103
1416
119
1374
401
1272
1013
1017
1146
666
1740
1435
1036
1700
529
file165
213
75
616
46
1680
1769
1359
706
274
1060
714
1498
1752
93
885
1639
1549
653
1758
1275
1054
1382
640
71
528
1307
164
1964
343
1864
845
908
291
1461
323
1582
666
1030
209
79
96
1707
183
542
593
1823
91
1598
1933
1366
file166
653
1668
7
724
196
1666
1240
512
361
1105
1710
1269
1748
1523
928
72
1106
1595
1454
1667
26
1902
1374
209
444
319
384
535
1918
670
254
923
338
613
1647
886
279
1751
992
697
1461
261
445
1336
1190
869
442
1137
323
461
file167
1515
226
1836
1724
1022
507
461
1910
425
1483
164
1348
1821
1129
1059
1408
588
810
400
1285
623
1013
82
1960
555
952
754
44
1627
1216
1559
205
1404
1636
1228
1911
449
1138
689
1932
1654
389
1753
783
1737
812
543
677
1975
1295
file168
314
598
308
749
910
1216
1701
1665
1612
1328
1233
1172
1534
637
1160
1114
900
1609
252
1589
1541
1906
1979
1646
689
68
810
1232
1098
785
527
1412
1736
1187
161
646
755
214
663
368
1895
248
1892
1781
885
1052
895
138
1013
1147
file169
1727
554
1405
1706
200
94
127
1362
1678
1225
148
557
989
1884
96
1503
882
852
1717
1898
1572
1612
146
1464
1745
1384
868
640
1522
1881
1787
1601
787
1544
1660
1339
1638
701
1668
1012
1201
577
353
1085
674
1856
320
1878
1926
570
file170
1450
1890
716
1266
1636
452
486
276
1974
367
416
1576
1506
1960
1236
845
1951
1375
1898
1619
739
1100
197
1092
537
1223
1301
857
1101
1227
1427
903
1117
496
169
753
948
655
1382
1275
1374
1798
851
880
110
439
77
61
1814
1975
file171
33
553
1075
582
1997
1613
157
1298
822
1258
525
602
513
1995
1098
1034
1100
398
41
482
1673
1767
632
524
647
743
1315
1076
1156
1129
1403
1541
34
831
123
32
444
280
1330
1618
1890
208
220
403
203
1670
1789
1303
69
1830
file172
138
1742
1597
770
619
596
1865
1934
24
1022
1416
1428
563
1450
259
1039
1834
1055
1671
1517
1025
1562
1725
1246
317
280
1268
459
1583
1689
289
73
1432
239
844
403
835
709
337
860
83
105
640
999
1556
899
390
306
61
1259
file173
1331
1975
1336
929
645
1968
198
1104
1552
1887
1393
1977
1671
1632
821
74
820
1883
764
32
318
869
672
1317
777
1923
1707
520
229
121
131
1560
96
1820
490
741
1788
1040
1845
1692
1279
1591
1670
1303
1575
843
1729
395
726
493
file174
779
1045
1363
1451
714
492
1374
774
1364
1603
895
1496
1516
991
1668
358
85
1456
1750
282
1501
1381
1873
1171
684
1801
14
414
548
1093
1259
1328
138
974
1204
1467
506
1978
831
461
873
679
1977
217
347
687
302
156
437
584
file175
1657
171
810
1180
855
611
1194
1621
1159
639
881
487
1129
207
1619
334
1674
477
312
858
938
1538
1537
1268
1755
237
1955
409
745
993
402
155
1582
123
766
1128
97
278
1768
1330
1117
897
736
1583
1564
1213
1896
422
504
1786
file176
311
1772
1541
900
79
1950
1645
1176
1295
399
444
1803
1981
920
921
1462
1017
1199
1582
699
317
831
236
1405
415
152
619
663
926
1475
449
1238
1247
342
490
1326
644
136
855
291
535
1299
94
869
571
1016
683
1940
215
265
file177
639
884
1096
1228
290
1863
1380
1261
526
307
736
1327
1897
335
1669
739
13
313
875
868
605
1763
520
1051
984
1091
67
1667
1032
635
284
1671
1519
1732
899
161
1596
632
1422
474
939
510
1802
1188
845
1823
1927
859
489
1155
file178
1727
1094
1270
247
145
254
1691
565
273
723
1200
909
746
1071
641
1646
1233
589
630
655
1064
1569
1518
1218
1109
363
1041
1036
1222
1882
543
1302
976
1813
1901
1474
419
1592
391
692
667
1591
1601
1414
662
595
1412
1184
42
1255
file179
600
1963
773
1818
1072
1136
1212
460
711
1094
1004
365
423
817
618
249
1237
211
640
281
1230
583
1883
644
1597
478
56
1845
14
98
1100
615
61
225
785
1485
1713
349
1946
424
1796
950
1141
219
1767
1760
820
1356
323
1460
file180
1638
1553
43
1873
198
1640
703
606
1837
717
1057
937
1684
1470
1162
470
956
876
1171
902
1652
967
204
794
1538
1971
906
358
1680
1229
170
1318
1134
565
1543
1332
206
246
291
395
1315
1348
1333
1000
818
847
1822
1774
75
993
file181
1028
1728
1961
1232
874
1499
1556
132
210
1236
1361
380
906
495
1298
449
180
1856
1047
823
251
362
171
1584
1362
1341
784
1184
1468
859
178
496
939
491
1729
165
342
1637
297
904
873
10
131
858
935
932
1390
791
1979
213
file182
1042
341
384
979
1704
77
1763
1240
1545
974
1770
42
266
261
123
431
956
1760
729
1860
985
1091
1497
1116
1949
432
48
1339
1223
27
1552
618
720
288
1597
424
366
1712
17
1911
686
1787
305
952
401
428
1736
1357
540
465
file183
1217
1525
1556
1067
993
1858
1499
1393
1197
1075
1420
1102
1693
493
1390
1290
1269
108
1002
1286
20
40
1074
325
1345
1827
1106
1081
1184
1646
1898
753
1172
1806
1820
517
1664
1320
1911
1214
395
1683
316
88
176
58
1730
1446
167
1084
file184
732
539
1124
158
1216
821
1985
322
254
1521
321
504
275
1493
311
95
10
327
1767
273
1541
514
1957
209
954
133
268
1036
1579
787
120
664
1326
1597
822
894
770
808
1569
1025
681
1890
1529
956
1383
192
1404
1745
520
1523
file185
19
61
390
328
623
1696
461
891
733
393
30
853
1057
1356
802
1879
602
1573
1039
171
950
1721
479
1029
1796
672
433
1542
1544
309
1913
1605
699
241
580
395
1054
1471
1480
1447
1501
334
504
1209
1488
736
1812
1061
1775
1983
file186
11
1848
397
843
878
193
1867
1663
87
1411
1972
352
1368
1023
945
1949
1771
0
1772
1251
1447
1274
1937
1952
835
1778
688
999
839
815
1335
1203
664
1732
398
1894
1925
265
1909
365
1676
234
717
1396
1257
1345
1380
1118
984
1462
file187
744
921
1766
1931
699
806
931
1891
1622
266
1446
638
350
1844
884
627
461
793
992
489
1027
62
1885
637
1725
1231
17
1740
701
1001
1202
1445
275
969
1376
1326
1775
659
1569
1749
1277
1015
739
1627
1211
1623
607
1672
417
1951
file188
161
1796
13
47
433
90
1630
803
1830
331
1804
1385
1776
431
706
1504
1758
833
164
1327
583
1793
695
1674
1421
1906
1298
380
1931
67
92
1863
697
491
297
787
121
1100
970
452
1256
707
580
40
1413
437
150
246
601
1829
file189
1181
394
524
856
167
783
506
899
714
573
1231
806
436
1928
1298
1085
1067
1771
537
389
224
1794
1096
1156
1834
509
1593
336
1108
546
165
641
1293
690
1849
1812
1473
355
712
187
1280
1943
1345
69
223
995
1154
1642
767
1692
file190
32
1343
1838
1128
499
24
1990
445
360
1450
991
525
91
636
1567
293
449
1040
1000
1161
1579
281
1456
1277
350
31
272
1856
1673
1039
1548
57
382
1386
1186
1234
1410
1528
1679
122
978
1022
648
1069
1659
215
1714
460
1608
715
file191
1621
1187
996
1077
816
1698
1460
1089
1554
1133
480
1455
1543
1215
841
729
449
604
257
726
1587
1854
1726
656
1865
1942
371
325
1550
1438
1946
434
1375
1906
484
1347
38
673
1827
1845
216
1042
1039
1297
1843
1995
675
721
1493
530
file192
800
501
395
742
872
1073
644
662
1371
85
1096
1099
343
1932
286
1690
323
959
1870
168
1175
912
1207
472
1108
1202
378
1783
276
1871
313
1076
373
1061
170
1597
134
1166
260
1857
1603
1708
956
299
1993
1243
341
316
554
211
file193
836
1730
1476
44
554
584
1598
1285
367
226
1156
1033
1654
1881
446
176
1831
932
1694
443
789
1298
151
1746
1597
496
1341
1938
812
1895
502
1649
1977
1978
45
532
914
1995
1817
1281
574
1325
666
228
1207
1112
757
1390
451
1833
file194
834
1749
336
932
1698
833
273
1637
1997
168
491
1646
146
469
43
1030
1383
391
847
1016
965
172
35
1193
1731
1147
1950
1121
1192
754
1306
378
503
1643
1310
202
476
1583
191
473
1751
1034
472
249
1503
867
1279
1238
1258
478
file195
606
223
1003
641
1769
734
141
71
208
1333
825
1514
1711
1329
1509
1021
1883
1985
956
426
811
1059
1460
1283
1309
1315
150
940
905
1761
1419
1511
1984
422
505
1753
1508
646
1825
1716
331
650
1583
394
1092
1415
566
1430
723
992
file196
241
1782
452
1876
1091
119
378
32
1024
139
1451
888
476
225
1393
229
1733
391
406
1450
722
1409
1385
1116
1740
829
883
659
259
1606
1651
852
456
1080
832
575
1811
1216
1952
1950
1019
840
426
1244
585
1008
977
976
1766
779
file197
50
1175
516
1518
1268
1346
401
1927
1957
359
1578
810
99
386
242
1283
962
53
851
1266
356
222
106
782
1466
691
142
796
19
1909
69
1084
444
1587
352
340
631
1051
210
1261
1502
596
1504
786
1910
1557
1989
1176
1913
212
file198
1634
1048
30
677
1190
1178
696
1451
1458
765
888
1902
704
1240
44
1396
1872
495
447
434
1757
1950
1382
1261
1088
1645
1170
1429
1173
1436
1641
1160
484
24
1837
26
1554
534
1478
1012
1651
366
1266
356
1958
1662
104
182
158
552
file199
968
267
854
703
1528
1942
348
1050
1371
1873
486
1365
1033
970
1741
871
1349
1295
1757
827
660
1408
1545
1926
116
1855
1589
221
390
99
1125
1358
366
1979
61
246
1921
761
1296
1644
987
1783
1009
20
1105
1102
1243
454
750
1000
