file0
1633
1410
409
1178
1336
525
1386
1277
1098
1776
1376
223
1134
94
202
1548
340
475
309
1637
120
1296
1420
1481
1669
877
584
912
1332
1334
1913
965
1096
674
496
432
1551
1882
62
650
1658
1790
1225
1144
1885
1428
692
225
255
1354
1862
375
1002
1634
209
1023
512
1145
1936
196
831
201
1513
1927
1227
9
711
778
243
773
1780
1901
564
1006
1398
file1
449
786
90
1026
1041
1796
889
1769
1151
875
1978
174
1739
1123
462
1935
1954
1015
1801
233
242
1810
944
1021
54
1718
801
307
634
1807
1705
1435
945
148
461
1987
296
1702
1756
1447
578
86
1622
669
1209
436
957
1515
1452
758
1748
1694
568
1044
715
974
1114
1869
1282
28
1339
1183
1487
1997
1313
1784
1699
1421
1583
629
1507
1557
1299
716
1994
file2
608
583
1446
1366
683
1492
286
1727
560
1261
842
429
895
590
809
234
126
1783
74
123
1448
210
174
869
1793
804
376
1351
103
1444
1697
1063
27
1495
1062
987
715
790
1547
328
1632
1575
574
1138
162
1052
1273
236
1527
722
446
1702
1591
591
506
320
1942
961
1764
1991
24
144
1486
805
1206
474
1872
1996
373
201
1980
1054
128
907
544
file3
290
1959
169
526
1487
891
1324
1541
835
268
47
1507
210
1360
1271
554
1736
1767
40
541
974
866
413
1322
1592
966
1303
646
1095
1542
1385
521
1711
264
360
955
1940
1901
142
208
1948
1649
771
1660
1272
1325
1396
1040
1717
1937
366
584
703
1688
176
1669
1343
1174
1116
1905
716
854
427
1470
787
1382
1762
1041
1524
1971
989
1525
1094
1002
798
file4
771
398
190
488
688
556
1424
1743
596
1600
1764
1940
1126
881
1845
1842
87
624
270
1557
4
1319
805
1881
1642
146
1406
1088
1148
204
1859
1899
746
700
939
1302
476
682
77
798
191
1555
31
36
1398
118
1013
20
1675
777
24
995
1582
1905
989
80
1664
78
1229
220
1937
1480
967
419
269
1466
1453
520
1895
603
711
1450
635
1100
1200
file5
753
113
1220
429
890
1597
1776
824
1502
1117
904
1518
1195
485
1739
1485
317
706
474
1088
975
292
893
1848
187
1497
559
1990
132
1659
1190
1237
1772
763
1666
1014
360
1794
190
214
912
1447
1733
459
1932
1472
1944
602
178
771
1690
1505
1063
584
1705
1603
81
265
1593
565
276
1135
1802
49
1898
1821
1415
610
1967
1606
1177
879
1405
910
1339
file6
1689
734
1635
291
1264
406
1982
1121
1470
566
827
1073
999
1092
1018
1564
1368
505
1366
1769
756
1539
1537
1507
1495
543
386
900
1805
77
589
539
1713
881
1803
471
863
925
1941
1781
1752
780
1196
384
344
916
890
62
686
1646
1954
223
1364
1461
1718
1908
199
970
277
1559
605
342
440
408
813
1655
1685
1107
1436
1789
473
568
985
1210
912
file7
1902
100
1327
940
98
1281
1515
1462
742
1585
1722
1293
555
1788
1922
114
393
616
907
1153
1430
562
839
889
351
980
1362
919
318
572
184
1024
1863
1512
1474
1144
1027
1289
238
964
1011
1883
1519
799
1806
1985
1544
422
892
698
204
1807
1889
1093
158
1221
808
1429
1539
1732
1613
111
1109
1476
1975
583
972
1354
1872
1562
1236
1446
1837
387
1252
file8
1823
1932
26
1067
982
231
874
1223
1324
1384
444
484
814
1984
217
427
447
1326
256
423
1909
1228
1777
134
1143
96
1370
941
285
109
545
108
393
571
1528
1375
802
402
950
479
1787
1395
963
601
1731
1532
1380
178
858
1988
768
1217
731
1254
712
827
976
1653
1112
1085
198
1573
1479
1121
1101
1206
276
1855
157
755
1994
1904
70
947
1635
file9
1603
328
1813
461
316
767
1581
1885
1498
1187
949
677
163
602
141
1601
1152
66
1432
626
1167
638
902
1375
1147
9
1369
1051
431
317
1038
34
645
1204
848
1313
1971
781
1551
1821
1969
500
850
484
1455
991
85
959
1058
1517
1585
577
508
839
1952
7
1322
1059
1280
1991
449
1666
636
1653
866
301
1976
1648
204
1797
705
647
805
512
1243
file10
1471
1049
760
1409
1978
1620
248
1931
1628
1449
1605
1039
729
1596
1488
747
584
1142
1614
1237
1118
1442
1268
1935
147
267
740
659
258
1983
482
1659
1096
243
1638
716
492
1921
696
1941
1526
1735
1022
1474
1224
1769
58
718
1295
1836
1349
737
1456
1284
1236
1724
377
247
1982
360
1082
1994
1808
1325
1632
525
169
1905
1573
462
1431
1309
1484
1257
885
file11
1606
1315
1603
1693
962
1439
1043
52
1248
679
1640
972
1056
1888
1306
1769
1322
1300
1577
647
1284
454
817
1189
28
1279
1689
1116
229
574
1074
1896
177
767
859
1968
162
1263
1216
1194
903
188
602
1143
1847
371
465
1499
301
1113
784
1107
282
325
1135
1913
1298
1176
1381
1879
1750
455
1776
279
1575
987
248
89
250
1816
1283
1505
357
1886
649
file12
204
609
1114
1703
1262
579
839
370
861
1165
1857
775
815
1034
156
694
1136
964
822
1416
891
1809
1664
980
411
1832
616
269
189
854
918
393
1815
32
449
1078
612
1288
1448
1825
805
1657
952
1620
691
1109
667
1828
425
1489
1596
1316
1651
1612
648
414
1444
1264
683
1634
118
1953
379
1934
1986
828
1012
950
117
812
1127
922
469
80
895
file13
1513
1541
1562
1693
1966
1403
1289
1634
1406
1253
282
173
697
1547
856
683
17
810
1063
1951
1148
1891
1315
450
360
479
1929
1635
1301
9
530
1166
1550
444
859
1868
199
500
1502
1606
1753
137
1779
802
1684
987
1486
53
149
901
357
1649
1144
24
451
1505
504
381
1492
157
390
22
1323
293
818
182
513
1017
1034
16
623
1139
505
754
1941
file14
541
94
1779
594
595
1032
951
245
177
976
1048
34
1832
1429
1526
1989
172
1900
1312
817
718
1846
1330
1735
880
1698
359
19
203
1465
312
744
1559
444
1339
507
1476
642
752
5
1970
152
39
1802
1582
1917
1791
106
1817
1455
923
535
1301
253
271
181
1952
982
552
447
1217
1252
1661
943
866
1489
1937
1847
1908
122
238
1710
56
156
1854
file15
162
1973
1309
1437
861
611
43
1132
1144
347
466
1697
854
1265
914
458
1624
927
1401
842
768
1339
1164
615
1247
1639
1206
47
1362
1163
562
1687
473
1999
548
1084
42
32
580
389
498
277
1596
1764
1543
54
1740
822
1808
935
1591
1499
451
558
1098
90
407
490
1478
1571
1052
1518
396
1403
66
1832
1798
412
539
949
690
135
1065
585
542
file16
806
1760
350
93
1703
1849
544
261
947
987
378
1706
1477
208
1277
881
1726
25
636
145
1857
434
596
270
974
1897
1312
1461
963
249
3
1769
9
353
214
1712
554
758
326
1853
97
704
1560
1574
1264
1189
807
991
1215
1444
1488
1072
1878
84
1694
1204
1981
1006
666
944
1256
1021
1065
1617
1727
1279
1330
281
390
1656
135
487
712
1695
414
file17
1976
884
1221
1319
451
1017
807
1524
1248
891
1218
452
1225
577
1470
521
185
844
1587
1802
571
1484
1204
1608
1140
1339
448
1852
1386
862
181
623
435
1074
1453
660
950
701
1903
169
1505
1480
1098
1328
2
1635
172
1589
1437
743
1159
922
1947
1120
414
1639
1568
619
1377
782
1152
0
1569
1004
1427
1374
1664
377
427
1920
898
1933
1400
1996
1261
file18
1402
1983
1785
1343
1421
880
855
695
1179
1975
1461
818
1895
80
548
677
1584
900
598
589
327
1973
605
705
400
525
1603
685
278
1952
298
1680
1935
83
1376
1708
963
231
755
143
206
569
1313
453
1001
213
1482
586
1114
1175
1441
53
1780
498
806
306
454
1491
584
406
1790
616
693
1873
1992
754
1189
575
1861
1684
1133
430
1349
1586
1432
file19
1563
1068
18
677
1149
1545
470
1554
1325
969
360
1983
1423
1852
919
181
1642
1888
1226
1867
232
1980
1056
808
194
740
1941
976
90
1880
408
5
948
778
682
449
675
1152
4
1
473
716
336
1896
568
1256
77
562
1496
1656
782
1728
1988
1838
536
182
931
830
1159
1373
710
1919
1730
10
1050
412
812
1725
1916
1168
78
742
1884
415
638
file20
805
23
1068
1719
1519
724
501
1247
712
692
136
1975
1318
758
1700
380
677
1430
390
79
194
1202
1805
462
722
1883
1204
607
650
1843
1412
673
1263
1483
544
339
1985
1792
1051
280
1004
1598
1408
704
1978
86
134
720
517
328
275
322
790
997
558
1995
1604
1560
190
1368
234
852
778
144
1189
922
1547
1866
1554
198
870
1152
1606
1574
1130
file21
44
60
203
562
388
478
1236
1530
1475
146
1877
1432
1707
419
800
293
224
4
1423
720
1193
346
268
1411
252
818
281
1405
424
207
887
821
619
1090
1735
1359
1568
1323
1242
1396
1470
1119
828
1529
1891
1980
1822
467
1985
1245
1188
1178
1943
1808
590
196
626
1223
1601
1402
1783
840
223
754
1931
310
114
1851
1634
1356
1247
1456
827
75
985
file22
718
56
807
1186
393
404
726
1571
348
886
513
544
1512
89
497
1266
224
1689
1842
978
1620
152
1092
1472
138
448
1071
1594
1628
1147
579
346
1555
1738
1884
1948
143
962
1871
491
1848
737
1387
1712
826
236
979
1050
1925
821
28
1898
973
1473
1722
1112
273
793
1058
1901
1940
1638
600
1847
1376
484
147
1519
1799
19
362
1647
1108
1749
1934
file23
337
691
1336
263
1512
1716
513
837
1189
235
301
1815
1028
1360
1321
998
316
1168
726
1153
1668
598
952
1687
960
951
1147
1062
663
1081
1399
1706
769
14
1218
527
408
27
762
709
194
143
69
262
1464
1419
931
984
146
84
652
1096
1388
56
1838
1118
1707
1271
870
1413
40
884
878
1764
1392
1257
101
1451
1021
523
65
485
1942
996
1470
file24
440
1080
122
1536
820
1166
1945
1512
1004
1063
1571
276
285
984
668
1170
1968
1898
1286
1712
1155
164
1814
958
1186
689
1024
1671
983
20
1493
1424
1453
1312
625
1134
1257
489
138
673
60
766
1397
1435
480
1365
1333
1766
1078
841
283
1244
151
1469
1933
1527
1140
1268
1548
986
692
1353
954
357
1978
88
1966
578
991
880
1345
302
277
1132
1995
file25
817
1253
1425
10
1536
1021
162
1005
1306
1689
497
574
1589
1483
1619
1294
437
1976
1625
877
294
445
1456
1286
1325
1153
1588
1955
637
722
1950
1806
327
1375
1817
1863
396
331
868
54
372
1366
628
314
1201
247
1608
1991
223
1233
518
1678
676
156
1356
181
96
1311
1170
1613
977
1498
1340
1146
1361
88
1829
230
142
201
1948
770
515
1149
1018
file26
124
1492
1593
1709
361
463
1740
1389
619
1096
1571
715
759
741
1886
724
70
1384
64
1568
1097
152
1397
1327
294
1951
1627
1416
466
1129
434
942
621
380
652
1334
843
744
1815
1840
295
530
951
1388
768
1675
1811
504
91
1731
1602
243
1281
889
1080
909
657
1898
38
1444
841
1011
1824
1845
346
667
589
1070
482
781
1717
1365
84
1457
133
file27
111
1268
638
202
1000
592
445
481
1873
1686
1913
782
343
1811
1172
1787
1004
184
1963
849
882
631
1790
1952
1465
923
21
1182
1007
1478
1668
1118
1099
658
1672
451
1250
117
932
1123
155
845
1906
851
1008
1430
13
1614
602
1214
848
1585
1357
800
1402
280
821
937
1640
652
605
1110
1751
1263
783
513
1252
1486
1636
1760
683
1894
611
1691
1325
file28
1601
56
1291
555
1623
140
492
980
1292
1895
1612
466
1184
1604
1118
1789
715
869
1404
1850
1423
1917
1454
909
1905
1214
1944
152
1825
1987
1829
1779
396
1472
334
19
1964
827
1351
1257
1074
963
1723
258
920
841
47
62
1803
1837
1720
1098
1977
858
1042
481
1035
1381
662
814
1777
135
1149
1796
99
1976
1499
1356
1402
815
1431
1660
1735
624
59
file29
1722
1038
1862
1911
875
1934
1554
1973
263
412
1367
745
1448
749
1407
262
526
1542
1763
675
1994
91
1350
1493
1341
1134
1153
1076
1758
1212
1150
797
1074
1061
24
1008
616
1998
1624
1028
1717
369
828
818
128
1443
1345
1671
1206
372
17
1298
898
1143
240
853
297
1668
612
1861
1171
1761
1288
232
1785
648
1200
135
272
581
1853
993
1409
671
1122
file30
1204
368
1145
411
1092
1162
61
343
881
935
1735
1853
603
347
67
1774
460
1707
359
245
355
1559
381
980
492
586
1973
254
1609
1095
1458
330
240
221
1422
1402
282
1765
284
1839
700
19
44
1656
718
463
1782
1178
170
493
1775
526
405
508
1506
897
1094
1479
1151
1056
927
962
1386
1167
1183
1160
922
1818
1278
1558
1657
1978
1929
53
1986
file31
999
517
121
177
687
966
304
1565
1371
813
1423
621
259
1255
124
1315
182
1086
1053
1701
270
214
975
88
1492
533
97
1822
462
502
161
1461
1019
634
1990
59
1600
295
1624
1324
1460
1048
1945
1719
303
421
1387
837
1508
440
538
130
1006
1514
570
850
399
673
1214
1521
1186
675
893
1820
1018
952
1420
1665
928
744
1125
328
1041
844
983
file32
1463
583
172
1323
1024
711
1805
382
577
727
1233
1328
1746
1906
542
1619
1092
1570
864
1264
588
168
684
253
1449
1781
1378
1777
1174
574
1113
637
1158
1285
312
534
348
469
916
1277
1196
149
606
1294
407
1148
914
1851
718
130
1115
1658
299
152
1911
1748
1933
1641
1877
1459
216
990
449
1726
276
761
260
624
1231
1176
1902
427
1678
508
74
file33
85
8
1340
1937
1079
1470
1404
737
121
1556
1001
1869
1841
642
1747
1301
1210
1089
1750
936
1365
863
1196
342
94
725
244
874
403
1104
948
840
1464
288
1129
543
1758
534
1281
1880
90
634
101
284
1276
200
1585
487
1290
1687
1775
1007
550
1324
1349
645
49
1945
1871
804
1401
819
1644
866
1459
774
1409
1569
1660
1042
1801
102
1676
1903
386
file34
1305
455
1971
144
97
1658
1919
1105
561
1243
806
1206
1644
752
1077
448
153
248
445
1371
1707
1219
781
1628
1231
175
1430
1333
204
1685
1720
1509
140
43
1653
238
54
1924
1695
615
1168
501
173
1164
1253
1602
1613
1759
1850
58
1130
1909
1629
263
1889
860
439
1319
193
995
1004
265
504
1497
661
509
1735
715
433
1782
1682
1953
283
1855
1118
file35
1889
1809
1083
1648
11
1141
1130
1920
1122
1746
161
1982
185
1481
527
1532
837
1145
36
334
1806
897
421
873
1330
555
1636
839
762
1106
728
571
189
582
1682
1858
854
804
1604
1015
1138
141
848
1665
1673
1686
1162
61
372
968
958
1146
193
641
1701
748
277
892
1862
1383
1620
433
1924
348
1606
559
221
410
163
1237
1548
657
85
1565
330
file36
123
728
744
848
48
1702
346
594
695
47
1342
972
940
1557
707
912
1990
631
1261
1358
237
1820
1579
999
335
1168
547
992
1606
465
1675
81
1545
771
929
1945
473
1275
539
1169
1882
493
967
1439
1553
231
1781
184
1492
1139
774
1664
1071
1773
352
591
321
1696
197
786
1371
279
683
142
1560
628
968
1188
489
1215
1402
1334
534
1193
887
file37
765
974
1072
610
466
198
274
1889
1971
978
480
292
675
1030
1430
398
1661
113
893
1221
742
213
761
262
702
1976
1664
388
862
857
1276
1628
1831
700
238
649
898
864
538
869
1843
1371
1514
518
401
1296
916
62
1762
161
1635
504
374
749
1118
1076
1077
782
1817
1940
1639
1093
1568
1822
1793
1806
824
1043
670
1362
1912
865
1085
1778
1383
file38
1486
1075
652
1900
837
813
1888
1693
1188
637
811
616
1714
1945
433
6
1584
1878
1574
1758
23
1732
582
1066
755
297
1331
1620
1382
1461
1356
869
536
8
1121
1725
1173
1009
1418
713
1998
581
1330
1713
526
115
71
462
346
1646
221
369
1730
803
1788
485
1100
1119
106
483
580
1814
1704
1469
1822
825
1194
1347
1835
965
61
185
1546
1743
1898
file39
425
210
1970
887
556
1968
1108
926
1698
264
714
536
1716
185
994
199
1117
808
255
938
982
1081
133
329
1268
1450
390
1453
1348
485
1704
1773
696
26
661
1252
346
121
530
396
385
1244
932
454
1781
1926
653
1251
734
1261
189
68
694
674
398
314
124
1140
119
1473
1626
1823
1246
201
259
547
733
809
944
1470
53
228
1924
187
155
file40
930
1438
1241
191
1627
1310
885
302
60
1199
778
1200
1318
251
1178
1494
1850
1852
1695
461
131
595
1194
940
1891
665
1345
119
941
1884
626
1871
1322
1868
62
1302
1530
1299
1604
1590
498
382
790
169
986
321
15
1188
525
1649
656
657
844
1948
900
1861
1646
1372
802
1998
1026
1205
218
1088
507
1748
388
463
1338
1238
1197
481
1759
183
1154
file41
1774
1371
1679
1837
1373
688
846
569
636
1747
782
634
1119
1584
165
1469
610
1370
1688
51
229
1436
791
692
1127
381
1889
1608
141
425
762
267
148
793
456
1873
1481
1303
442
470
1402
1224
1104
873
1161
1621
342
123
991
30
174
1572
1467
1317
264
594
1699
506
554
192
1283
1668
811
1783
813
1268
1657
295
571
99
765
1973
1676
221
837
file42
1843
1540
960
1186
1571
1135
759
1390
804
1023
1984
503
1881
890
1047
1516
910
1859
1300
1723
1127
957
370
50
1408
375
1084
1357
1573
1921
1200
1113
1234
386
684
721
1497
74
1525
521
410
381
754
1652
1428
271
562
1639
1923
638
766
880
1008
816
640
496
1191
77
205
764
1998
1757
1878
1232
143
914
305
1993
989
1831
514
1751
212
1620
1404
file43
1992
243
318
1632
166
956
750
1398
317
1567
39
813
1110
116
1018
227
466
775
457
51
1270
1723
356
1263
712
539
129
816
751
102
220
744
345
538
728
512
1847
1478
1910
164
1397
301
1329
508
417
347
1087
1236
1474
1896
1639
1619
1995
360
684
535
841
1500
1638
943
1720
734
1289
610
1462
1801
809
941
63
973
338
365
302
1198
1134
file44
1001
637
370
475
533
9
1572
505
357
1932
1189
1244
773
1041
882
69
761
1617
1358
1723
1431
1511
724
1574
1858
1415
1939
513
965
1074
1514
1603
1796
342
488
158
266
993
515
550
534
1759
1675
1575
1744
688
962
1102
764
394
613
1649
1118
188
1507
479
372
1499
1553
239
1454
1702
581
294
1860
1199
1640
375
1749
174
486
1424
102
1479
1169
file45
1142
442
623
1906
1188
1237
1555
658
1777
1063
1192
256
1787
1043
162
26
849
1864
959
1143
1724
158
783
451
1907
958
1289
1332
1412
768
853
554
1562
1476
461
1102
1065
16
1761
842
1431
1305
1451
1571
348
1613
1597
1197
1829
557
340
1553
715
356
434
1645
307
198
765
1512
752
680
988
1565
134
406
1582
1895
1248
1365
1200
699
936
1900
664
file46
886
1097
493
1443
1790
398
510
1266
754
1133
52
751
1792
250
1869
1656
1354
901
997
920
1035
1403
854
931
651
571
483
1703
1860
384
367
746
1481
861
189
1623
1259
699
1241
366
185
1293
1469
329
1895
1338
1986
1250
239
983
170
1275
386
1024
558
1389
1595
1041
1092
1455
1425
1460
553
673
742
1234
1932
1794
476
650
331
1769
120
1012
1665
file47
1458
1350
1267
50
333
1437
1677
1071
813
235
760
1628
1905
568
1406
1717
1121
665
742
216
251
1027
10
727
693
849
1797
1705
514
1608
1408
133
93
1922
1687
1165
735
274
330
1495
1902
587
63
1660
305
1537
325
1399
1753
577
426
115
1656
104
808
505
253
865
1371
213
273
1504
223
719
1426
1910
236
513
536
566
9
439
1153
424
99
file48
1810
1961
777
1210
1714
1706
1636
1829
1740
989
220
346
207
1591
559
832
1448
783
1551
874
1045
1787
1388
1582
353
1749
373
1859
525
824
1669
487
1953
879
553
1659
868
735
1726
960
76
1946
1306
283
1889
1866
1468
1337
1001
1371
564
46
1159
304
1628
1864
405
1
75
930
826
1745
1417
779
976
323
791
1844
1058
869
1157
1486
815
463
1770
file49
1056
681
1590
746
1682
961
1310
81
472
1966
1709
337
371
63
764
1301
1241
509
1071
372
1838
1746
1515
34
804
384
1191
290
1551
1655
412
608
688
354
1354
1316
1016
1788
982
513
477
1353
928
1242
1006
169
103
429
894
1941
175
409
1976
1331
794
1519
1974
697
1174
738
1305
1863
1093
1011
586
27
1390
549
1361
255
1379
1066
1184
973
425
file50
1705
1428
854
599
1722
1030
1361
50
361
507
1569
335
1204
1096
1074
510
1311
519
1873
249
1280
253
1639
1829
1614
246
1560
681
1782
885
1106
1840
666
312
439
388
1342
1800
438
56
659
359
391
1864
1455
1817
726
1118
336
1367
1616
852
1358
1798
819
1605
1710
1852
1739
948
1310
1579
1622
19
2
965
171
792
1021
831
1503
1764
1047
959
1934
file51
1773
77
622
372
1797
591
1577
1155
741
396
760
803
248
852
1751
1558
431
1365
1532
802
1719
497
1326
863
1870
509
367
1987
1556
1678
273
1329
1755
895
53
1904
1838
1982
1060
579
730
172
1735
1330
1024
1486
888
1456
1204
421
258
923
1270
1936
139
1493
445
506
1480
1
184
105
1682
291
1000
88
196
1191
70
1256
122
801
1428
1857
131
file52
805
1344
1372
261
900
145
871
1823
1767
808
314
1260
1605
820
1092
1607
1004
1197
1641
1648
550
1729
1844
1741
152
1452
1863
1305
1232
73
1436
37
1417
1160
650
317
1657
1522
492
1425
682
807
685
287
1979
130
246
1336
1327
1888
984
229
1969
1180
1970
121
632
186
1426
1864
259
1215
1902
28
727
552
697
385
426
1541
162
1108
348
847
1748
file53
680
1329
1994
16
657
234
1000
1238
556
180
1561
1029
1164
1747
808
1028
358
23
930
738
1102
1835
1435
1839
261
976
1
1722
1677
1201
1470
357
530
1816
373
1539
403
1725
778
959
257
339
340
1421
438
1148
801
796
1523
84
1534
626
1919
1321
465
532
297
467
254
1974
1668
76
683
550
245
1408
90
648
1485
868
1959
1742
1559
299
1515
file54
1997
1448
669
1145
1323
753
1031
1949
1024
352
767
1556
649
1586
163
976
1606
239
1659
156
484
1420
246
1484
905
1466
1795
1000
1025
447
867
1374
247
1536
519
1570
641
1550
1520
1665
1902
639
1222
904
225
1737
1880
1831
1976
1891
1987
813
1311
586
217
404
445
1217
1430
1244
436
1156
1491
1973
1676
1061
614
1226
933
280
1481
1924
1854
385
149
file55
1591
617
332
1919
860
672
1084
172
1258
1734
741
14
531
310
1796
1775
746
953
1266
1071
629
679
1686
207
1965
318
1688
1889
524
425
39
467
1042
723
386
255
1395
1471
427
1005
1205
1520
1020
88
1830
816
1863
928
1769
1481
0
398
512
38
958
477
356
646
367
1232
1424
758
1699
818
85
1073
1229
1908
1500
234
1465
1372
1254
1553
1202
file56
423
1416
483
192
1249
943
1762
521
1901
239
1229
899
958
461
323
68
160
1142
1902
597
215
1131
506
1365
1971
1440
972
1525
995
1395
1293
1478
1587
895
313
882
657
834
783
1248
63
1683
559
876
6
627
1036
1500
529
1633
1716
1660
491
1784
1026
463
1576
350
340
571
1745
49
1684
528
362
567
1537
1548
1702
786
1963
1737
1345
839
96
file57
324
227
1596
854
213
1312
514
704
1448
1892
1519
1025
242
1859
339
1493
1998
24
373
712
943
1911
261
645
1049
576
383
746
1768
479
1070
1995
427
1924
560
1740
791
1265
1540
1035
784
565
1278
644
162
1969
489
512
1993
1214
1224
1288
1125
1837
1934
526
414
669
1272
182
1500
343
529
1927
267
1090
19
1410
707
1560
446
1843
125
76
839
file58
639
45
1328
1151
391
895
728
1679
20
565
1613
547
1331
634
171
1513
134
514
395
414
1134
1485
433
544
1993
1342
387
119
1418
1227
1110
1464
907
262
207
1802
1886
175
1907
1852
1074
1239
486
1245
1104
973
112
1851
1387
1246
1336
1820
142
232
166
1837
620
637
1255
199
1747
1071
1106
361
1278
1261
1703
1517
1436
1963
1369
862
1202
107
658
file59
1532
571
510
919
169
198
1092
312
431
1258
501
1403
247
1756
1602
1994
1180
1060
708
810
673
411
327
461
374
48
1323
1928
608
1783
939
140
354
1449
1412
524
1999
504
1188
782
114
1689
185
361
1797
139
707
977
1552
1415
1788
225
179
467
687
905
516
362
1186
1124
145
125
1616
852
1926
1028
1376
1925
916
1998
605
1245
711
402
1385
file60
1419
1732
1289
1186
1520
1514
1717
339
553
623
1207
1268
1809
331
1765
286
1948
617
212
1328
345
137
861
1261
1197
1211
218
443
1923
621
180
1694
705
1469
1232
577
1335
950
916
241
1925
124
1509
86
807
1274
372
1107
244
584
436
589
1073
1649
203
271
860
421
1066
1135
1394
1598
1181
99
414
676
1106
1716
1593
1347
1993
69
1208
79
876
file61
835
451
1984
1431
1387
772
20
460
421
223
1083
1633
997
501
769
391
99
1950
491
1518
716
1167
625
784
1112
324
777
1181
1885
856
58
720
1659
394
151
1046
1166
523
1859
1939
1099
1294
1572
96
1796
693
839
247
996
1330
1766
1712
850
743
497
314
1419
1626
1496
1304
483
1906
376
494
652
879
1893
170
1755
104
109
1206
1398
1681
1302
file62
1194
727
493
1442
1723
1824
1560
1435
1026
655
284
1340
426
1911
1188
83
746
1446
811
1240
98
1691
1485
268
1798
1589
377
1004
988
411
658
534
1138
1151
328
861
1327
1888
648
353
895
1285
46
1674
1196
1586
1757
1942
1033
568
1534
1131
611
1020
1752
409
609
129
1765
1949
892
423
484
382
1927
812
1595
1254
1053
244
1960
300
1881
358
1974
file63
1077
1944
1731
1371
977
300
1257
461
1263
277
213
1673
1239
694
1790
1188
1939
214
24
321
141
837
1917
1747
242
513
1707
542
394
417
517
1823
362
600
1546
1691
1252
803
152
516
1433
365
541
672
1412
331
212
1351
897
237
1390
1074
293
1138
1668
806
1197
210
1552
1615
1079
1727
329
1680
1273
20
1284
77
173
1800
1510
890
693
534
654
file64
1025
746
5
1922
983
30
1313
409
675
803
77
1482
0
640
1386
1967
1719
1114
296
1751
739
317
1036
816
842
1188
678
84
1882
1212
907
1959
1096
1181
1294
1478
846
1704
154
1
133
1988
2
773
1374
321
845
840
618
596
1580
1287
1632
748
129
1173
1779
565
1055
991
1304
314
1302
753
1847
949
231
1046
1005
385
1047
1138
725
1049
264
file65
452
1723
1109
1292
341
1705
1224
1980
1690
325
461
863
104
1026
270
1447
683
584
1102
1436
783
51
19
1829
1056
757
877
546
1482
278
810
1934
1
1919
1227
694
1625
803
674
1667
1128
1135
882
1584
514
1152
1384
1197
88
486
985
1223
889
1004
1053
1945
1761
282
843
1244
560
1654
1178
914
1925
1960
1902
1913
635
1569
1393
122
451
978
636
file66
1955
714
185
395
1200
1170
1619
89
175
672
386
288
954
1229
1532
1866
1235
1063
1132
1161
172
1093
437
80
633
1831
554
1436
1543
1744
1875
1728
139
1075
1251
1758
1516
1778
782
1902
66
1736
1483
1951
719
1366
1439
1880
1890
884
943
328
1316
1576
511
1871
1365
24
1766
1109
1899
1494
1248
1326
1097
1007
842
1227
1789
1096
1646
1878
579
1949
1298
file67
1667
1976
1178
1557
861
122
237
177
50
748
400
1767
772
166
876
1023
13
477
349
1110
1836
1543
690
1977
991
336
207
1923
285
392
1221
1952
721
752
1861
1582
1226
99
111
1628
1199
512
1396
324
1030
272
1347
1043
1101
49
506
937
1944
1196
915
936
1532
1122
859
169
1867
432
473
588
1184
334
522
762
433
633
391
1985
1497
1787
309
file68
528
411
1656
1571
1865
1705
77
802
1650
1625
1717
938
1157
840
149
1678
1059
933
151
1647
118
486
169
1232
1271
1623
1256
652
1762
1565
1180
526
1222
751
391
1279
1181
1193
1281
806
1263
571
316
455
720
346
1514
1654
498
1161
124
1336
1682
1708
607
836
1684
216
1488
1446
1781
1020
324
1355
1067
987
1305
613
268
463
1876
1192
1131
683
264
file69
1478
197
1918
328
1710
394
1664
1744
103
271
580
1787
487
421
1585
621
1441
262
1565
1329
1315
1222
294
1936
1686
170
1128
1169
1205
1392
647
1402
1663
1327
1464
409
991
1560
864
1615
141
651
454
562
589
1075
355
1203
1404
1921
532
1071
1143
827
1007
1181
1349
135
351
555
1880
1350
309
1895
678
126
304
21
1636
179
172
443
1093
761
1518
file70
1449
316
1274
1370
849
698
865
28
1705
47
1729
193
398
636
73
100
1298
1968
778
1776
624
1152
1814
1793
788
1994
1966
1231
1087
1079
1102
888
1396
728
610
597
1426
1476
977
1484
1875
1058
1677
625
102
725
1345
422
1856
1473
1046
1008
1287
1192
148
1633
1158
1732
721
589
834
1961
337
1914
572
1286
1341
400
263
825
275
1674
854
900
1721
file71
956
1977
1418
1730
1833
891
776
1193
178
1968
1342
164
1478
1074
885
420
260
1198
757
174
122
44
1867
522
659
1044
797
333
1898
49
406
1206
27
1824
936
212
715
65
1758
1246
385
1100
1410
216
526
647
636
786
197
1393
1312
320
1789
1180
842
449
576
1992
1134
827
393
1541
772
1717
1322
985
785
1739
1095
31
124
195
1793
340
721
file72
792
1328
1859
989
722
1171
1661
863
703
504
1664
1280
848
799
459
1241
692
844
14
409
518
1351
1194
609
446
1577
734
993
1722
1426
66
514
1107
1925
1856
181
1448
1517
1044
152
373
709
1784
1573
1860
595
815
552
1439
1181
961
1958
884
508
567
1682
85
1653
1027
1808
1432
1093
674
539
1370
882
720
818
752
116
1322
1477
825
1106
1051
file73
685
1701
218
1589
1493
1751
551
1803
635
1411
722
669
1496
728
48
1656
512
1141
683
1051
511
1565
123
1681
317
591
1004
1795
1417
462
846
454
516
1416
44
9
1167
947
164
154
358
886
823
206
1614
871
215
126
364
898
1529
1227
463
4
908
1133
596
264
1280
365
1079
1171
1595
1894
1215
1956
1061
514
472
1224
1358
390
1783
1325
1261
file74
1998
1803
1977
1248
1685
1204
1711
41
464
1196
989
1081
476
1354
160
954
878
107
848
445
415
1909
960
887
1124
536
597
1514
319
1922
1127
669
78
1104
1917
115
660
1981
156
1477
1529
1146
558
6
852
1070
1730
1177
1809
176
1592
70
1488
831
1547
24
1428
1061
696
1703
541
1365
1781
1997
1635
248
658
1968
404
135
1497
1902
1045
1503
755
file75
115
816
837
1292
977
1013
1236
1399
853
67
946
878
1847
360
1926
1550
901
1643
1683
898
1278
1931
1908
1598
336
395
1096
590
1792
951
1345
1907
119
535
1551
1900
1139
496
754
1558
1442
1984
1406
154
1910
956
1055
1553
992
306
1184
923
566
782
1611
1314
230
202
1106
1182
1899
1014
1653
434
917
750
335
57
1441
1615
1392
1425
1021
1547
1687
file76
330
602
1240
1322
1260
776
245
1827
1911
209
1493
141
411
599
1675
310
1613
1681
1097
883
431
1432
940
381
873
907
1773
650
281
1320
337
611
275
1929
285
1887
1058
882
66
969
1091
1559
1462
1502
159
1490
165
124
1171
1262
1007
1954
1046
299
335
1919
1207
108
921
1488
1781
1258
99
408
1539
736
295
597
1618
362
1566
710
273
1381
564
file77
432
1223
729
909
394
343
1916
700
1389
216
1035
1660
1775
1495
581
1263
1628
191
1714
36
1731
450
684
328
68
1398
247
1130
1671
1980
1695
456
1203
776
1365
1949
1120
1633
649
509
1849
1684
522
1976
1531
1103
1239
1160
1647
1305
1548
1378
1755
232
58
176
1982
657
1658
1654
637
1353
462
1840
482
1827
1789
1954
1460
438
815
1662
474
1337
1638
file78
358
793
1230
1870
440
535
1418
170
643
3
228
1171
1985
886
829
1991
1523
453
1716
1017
632
1505
971
93
296
1786
107
1122
1476
1745
1480
269
975
1350
709
1863
1121
879
506
1124
1459
1677
1461
345
858
1805
221
1393
610
1937
762
1243
1794
1733
1688
442
1872
1795
1565
1348
1540
1045
1969
868
748
678
1083
1869
1909
1941
993
1720
1970
806
418
file79
828
611
639
222
1222
928
984
465
1074
1070
153
1517
1294
300
1082
994
192
479
963
1412
1227
1993
495
1096
254
436
441
1974
406
1248
392
1587
1859
1383
1809
1433
311
1145
250
1386
567
755
1255
1861
1055
337
855
816
170
660
44
163
1156
1492
417
1944
1934
744
703
1182
1136
290
1393
872
451
1179
1183
1596
1429
921
516
537
176
729
1592
file80
865
1937
840
34
107
1853
430
623
1361
1922
1392
1305
1856
136
8
1390
1625
650
1136
497
1101
667
32
1050
448
1306
1566
985
1834
295
578
700
232
1770
734
692
1623
1164
1315
984
1438
707
642
1647
1196
1002
1389
821
1653
877
1318
754
1544
1350
156
1993
656
1722
1330
491
370
260
1543
954
31
629
1998
6
145
1313
1343
1583
373
1985
1230
file81
1569
987
620
390
992
1849
60
1747
1394
1410
255
1739
419
330
1069
1262
700
1330
1157
6
1713
1786
5
1719
1931
1670
1062
1866
43
1399
1097
1612
387
69
354
1379
1918
414
1478
1664
1825
86
1403
596
416
825
210
1468
507
1367
1474
220
1505
1831
291
1436
1502
1706
1654
1897
1105
1103
1510
1844
1172
1864
1576
1443
279
1406
1107
456
1492
863
1404
file82
1908
40
1614
1728
547
1333
1555
1119
838
1386
1410
626
1240
1468
280
1138
574
1384
1000
770
908
1216
698
703
1847
105
1811
303
1949
1026
59
210
1066
25
1938
1965
1358
1493
1084
548
1232
846
1174
824
315
1807
1962
1241
1543
1314
363
803
531
1062
1507
378
1519
1670
1034
1820
696
1093
30
114
1471
321
79
829
166
1515
1378
1750
361
904
575
file83
676
1063
889
269
606
204
633
1410
1087
47
917
1817
1566
939
851
1738
1635
297
1769
101
1768
442
180
949
960
1695
679
711
408
1584
1638
1437
999
527
1706
1958
1083
691
1368
170
1090
637
1988
656
1576
1191
747
1563
1488
868
1664
1608
1310
196
558
622
243
1589
1333
1003
1173
971
440
525
1851
499
483
934
1542
203
1105
1192
1445
1641
1120
file84
636
388
683
477
1256
699
85
918
1247
995
1541
1490
585
874
493
110
198
1286
635
401
1785
1118
1335
1327
1321
792
312
513
589
1954
1633
1226
342
668
1703
1599
1719
140
517
966
1488
410
456
73
1285
1302
535
1835
588
1171
725
641
275
404
315
1068
717
1180
9
671
1166
1235
1365
186
1290
964
1906
1431
1834
872
1271
244
1681
1344
1881
file85
983
231
68
1923
1402
1008
1000
396
1284
1404
1063
704
121
243
713
1144
1409
301
510
1596
1591
1826
1502
1374
12
726
645
609
407
341
842
1742
573
1263
17
327
271
1017
723
1555
422
1786
259
895
382
973
392
1791
1274
902
1739
1217
1080
1593
592
1445
672
1589
54
1431
1931
1248
1174
504
511
1543
831
783
561
1907
338
1335
45
950
230
file86
427
275
974
571
1901
228
662
1118
1309
608
62
1106
1280
1652
1160
711
1583
408
237
439
1272
1781
1622
55
342
1529
745
29
1927
47
259
706
322
1586
1629
223
1814
292
1694
1123
1252
1756
229
532
1408
1741
1595
1343
502
1833
1782
1774
1614
1405
181
308
1286
1278
337
1213
1326
948
1920
0
534
1549
576
349
193
270
1824
1445
26
406
329
file87
1435
499
1925
778
1001
1758
913
1127
1724
318
1660
384
1604
1291
1073
818
969
373
1090
1260
991
1545
1609
1537
1815
1785
982
194
191
1312
1981
1043
1589
1111
44
1699
24
1524
1775
342
1184
159
1947
827
1584
1117
1796
1957
559
766
1217
1550
663
1178
1087
831
1316
422
1025
1859
86
1006
902
1675
117
947
1374
142
823
1149
836
359
1135
1187
1244
file88
252
983
1553
1163
101
771
1066
765
301
505
1596
1617
927
973
1477
1365
1979
379
1040
448
1678
766
942
501
267
1779
861
1927
914
48
1523
1519
1383
1429
682
1485
200
1748
250
853
254
198
471
1533
1171
300
899
1150
679
291
1950
358
1058
893
1211
1325
672
72
1605
1586
472
1480
1105
1856
909
1788
1341
1461
1888
1943
667
142
141
1138
28
file89
1312
1438
927
814
469
1218
764
1179
276
1657
391
1954
681
815
1911
268
1288
1743
1725
1496
1005
1865
1189
818
1754
1132
1485
248
1625
623
1289
413
1555
455
883
774
1219
62
1402
1229
453
1708
1910
1621
1971
530
909
1715
256
757
1072
473
1946
1890
227
1430
1376
828
1407
1999
1456
696
765
1012
1151
0
138
722
1892
303
868
1601
214
489
1924
file90
1096
1750
1991
1704
859
1063
178
1157
954
757
587
682
1585
346
1033
1394
1798
406
897
896
1619
213
788
1923
1433
741
489
274
666
24
1009
1290
1235
73
1820
392
1379
577
1331
61
515
1677
1094
1909
1071
1245
667
1968
1043
1563
1939
1608
703
214
1041
1797
1055
1315
815
641
1691
1824
283
926
249
455
1318
1628
1032
649
41
1547
678
1488
1808
file91
101
733
475
421
128
390
361
1737
1446
927
778
1243
1983
446
58
976
137
234
1611
1064
484
66
734
464
1098
1384
858
998
414
346
806
516
1431
1634
937
1559
24
1650
1296
1822
930
427
1065
913
873
1475
1889
1010
62
1500
426
898
1566
1161
1362
1016
897
572
14
1311
1270
821
179
701
455
1469
261
831
1119
1909
654
49
688
71
1314
file92
1561
1547
1203
924
1609
1055
1350
507
973
863
221
1990
112
1146
4
1776
416
1177
1955
1118
1632
1424
1731
816
896
1992
1470
1297
681
1541
612
594
1440
167
1518
1401
1575
1221
260
548
436
482
538
549
1980
543
325
396
1720
632
1866
1705
409
1949
521
1657
1942
343
954
975
236
1918
1569
29
438
1430
13
1013
1691
561
1449
525
1100
350
505
file93
1995
1027
1253
67
12
1120
124
421
1069
997
78
1363
1340
1384
338
1929
1655
260
1958
93
1700
1740
458
1065
1431
1019
866
308
471
1569
1165
818
596
419
1238
960
1539
1362
1733
360
1811
324
52
1548
662
1981
1203
1274
1939
1648
1326
1680
106
391
1463
1477
1258
301
1179
1289
1471
127
1708
709
1088
1247
72
821
208
432
985
884
484
533
1546
file94
818
88
1173
1109
499
1141
546
891
605
375
501
1081
1028
1680
370
500
1807
79
1561
1247
1678
1633
69
238
417
1054
1122
1254
1939
1021
424
379
194
1533
819
1045
675
1365
1936
1632
92
789
713
1121
821
1083
1973
981
1514
1534
228
1545
1168
297
135
1937
1703
1258
1543
1994
631
1967
725
1177
1501
1544
222
176
1261
511
160
1706
1652
873
827
file95
474
308
800
1455
175
334
1683
1720
1854
333
1855
144
388
1465
1687
735
448
7
1460
1977
1508
1357
552
36
970
1063
196
676
715
1421
1541
81
655
996
256
1342
1032
1976
1548
1717
184
1692
457
1
1380
1192
450
1739
1005
779
1247
714
1331
1635
746
183
713
1462
1604
920
1355
37
1928
352
294
1270
1736
622
818
1805
1158
511
262
1160
243
file96
1455
1962
1982
812
741
1581
1526
73
1216
1914
819
1399
979
633
1355
1900
1989
1392
1828
693
38
1098
781
661
268
586
1819
1131
848
1726
655
1293
1708
35
1641
1697
460
1209
1612
1631
960
591
617
315
843
606
60
671
1651
98
121
784
1111
390
1370
931
1873
570
262
1600
1578
1908
1660
1397
1943
1302
1095
755
511
707
386
1472
1650
1003
139
file97
494
1961
551
1165
1964
1002
1639
748
113
381
470
1396
254
1393
11
1854
971
1919
1515
720
214
1169
1815
1321
32
874
59
1856
525
1063
348
1371
1376
899
536
1693
253
527
793
719
908
1616
467
1009
478
1369
332
749
1236
1052
1315
757
868
988
790
94
1048
646
619
463
994
1990
191
246
879
1884
851
1758
1030
1570
667
38
182
7
1903
file98
339
1970
1140
1743
1637
249
611
626
1039
1058
1674
38
1677
137
1032
20
328
1630
1251
565
482
1009
1595
52
28
593
442
562
600
1311
466
1291
1633
1958
1034
1270
207
1998
1896
1247
1056
1570
1285
1085
59
669
1105
740
652
708
1657
1134
1718
1252
1538
98
1845
333
661
797
1644
1127
88
1277
1437
1122
547
1120
796
1243
176
718
880
1262
1130
file99
1902
719
1870
554
1428
1527
40
1498
1131
1930
1948
1328
263
609
477
259
88
565
1888
1525
39
788
1522
1512
1584
1117
1688
302
350
1302
1432
252
374
1654
1158
154
1533
1550
4
1016
1832
1952
344
96
562
821
355
650
1738
596
528
1778
1384
50
1642
968
1519
1682
1622
1869
985
1407
473
1711
1413
1983
1865
947
221
1963
1366
173
660
1814
735
file100
1833
521
1738
1924
1117
266
54
501
668
1696
1821
539
1378
1796
409
715
1203
1234
426
616
1218
643
1915
1103
864
231
821
1038
891
635
125
1076
1509
215
1000
626
481
1054
1480
1501
1102
1653
393
1449
802
1196
1004
388
1975
1973
1606
970
1888
1062
1835
119
1883
1225
1362
871
1350
439
380
1918
1791
1358
399
1198
1190
253
300
844
646
781
645
file101
1800
330
1650
540
305
1623
499
1275
1511
1561
1462
1983
1796
687
1697
667
390
488
1399
308
280
1110
1059
1478
300
1664
130
1496
662
912
142
814
1594
1792
1355
1899
1767
1854
1526
1278
1415
989
1613
1563
28
1311
231
770
1799
1982
1430
431
1092
842
1909
1745
506
392
1241
1521
1656
1735
335
1250
1527
42
1501
1294
1896
1027
925
1663
368
890
1227
file102
749
201
1810
1871
1
144
1302
432
1237
694
1334
1002
1438
927
523
1094
663
1211
344
190
1253
1845
1837
1502
1224
1114
1165
1593
4
392
206
554
565
559
699
1867
1343
288
363
389
1622
1366
1827
549
241
921
1212
1804
1265
1755
1058
1462
1944
560
687
77
280
1062
822
1326
1620
1376
1891
531
75
111
1875
715
474
616
337
192
444
1239
786
file103
1717
803
590
1335
558
0
797
854
912
1484
1912
990
116
1327
1812
1442
947
1540
1686
1479
1968
1797
1706
683
623
322
1373
1168
1118
612
1954
836
1767
896
523
678
897
1320
1532
161
805
1445
1151
1273
1124
1315
716
71
856
754
1902
1176
551
1960
1859
1526
283
1584
694
1753
548
1000
941
316
1897
1464
994
1146
785
526
1307
1942
323
811
1215
file104
1447
126
283
1871
1334
1037
125
510
1940
86
722
1467
721
306
161
474
855
1162
1768
1171
1411
1232
165
557
369
1043
1864
311
1367
1027
1879
1166
1154
162
1389
840
1200
1515
1351
1492
1601
73
959
322
731
1121
1148
1586
635
1268
757
46
853
1274
955
1222
318
1886
37
199
117
1555
1705
279
945
545
1831
460
248
1324
413
321
1087
1053
108
file105
587
991
743
1856
1749
1141
709
1375
448
283
45
1620
169
434
1819
638
1990
1524
918
1287
421
1101
99
670
777
512
1343
1413
1599
396
1521
538
1740
617
394
1841
110
1455
1216
559
1739
1262
179
260
48
350
899
390
226
1677
647
1622
1776
1317
752
640
661
165
591
1409
38
1130
1149
1007
1876
990
1470
1332
29
1071
173
560
1683
221
582
file106
612
1488
1103
289
487
726
418
1805
1830
1058
818
1995
2
227
385
1132
1729
1745
1008
1071
1215
340
1630
1596
1763
1803
508
1447
377
1770
381
989
1610
1837
97
915
400
254
745
1811
1072
1092
1813
1300
1829
945
1381
1574
305
452
1141
998
83
737
761
238
1245
560
615
1367
1294
1956
977
1131
1939
1427
46
339
1681
1143
150
1106
235
1963
406
file107
64
1260
139
1991
1566
591
1132
564
1026
222
1677
1617
1819
590
232
1539
1884
541
868
1367
480
295
1765
819
329
908
1322
1435
1143
1637
193
1559
898
332
1902
816
1275
1035
1732
302
1609
1409
1919
1428
351
503
967
235
1044
1836
1602
1876
483
1719
1048
812
627
370
247
122
7
440
34
1257
1124
1936
73
400
1323
157
1054
932
973
713
270
file108
1828
32
858
1225
1868
812
1101
704
532
149
1516
1159
871
116
1282
879
908
1668
488
33
1604
914
785
928
1071
1839
212
990
1164
925
1261
992
1310
471
217
1530
1283
1671
234
1815
172
103
975
1044
219
609
275
1479
277
763
1512
233
1677
649
1513
749
1726
91
1652
1003
1704
997
313
175
1566
1844
1459
1589
78
1274
1762
181
601
806
752
file109
1562
1081
232
191
1844
96
425
1522
1098
1938
623
1586
16
714
1591
1020
419
940
1685
946
506
1529
405
1960
32
210
493
985
1016
1598
548
449
182
1091
293
630
1516
167
1728
1807
1142
1315
175
209
1258
1547
628
198
1233
1926
1056
1114
332
1504
1426
716
1714
272
1701
1082
1870
249
1531
52
1341
177
682
1209
696
411
1368
1839
78
1544
48
file110
1688
1443
1028
1886
954
1294
143
1638
799
1921
354
865
193
56
1948
63
305
1831
115
1998
8
1150
1560
705
1913
1280
896
343
1176
944
31
620
324
269
1648
1278
1563
917
714
65
1271
1932
258
1327
232
322
1985
415
789
335
424
291
247
1481
204
1528
729
899
704
25
930
1676
349
1551
1325
1979
1467
1820
533
1885
520
465
144
199
1049
file111
818
536
1465
1959
1224
241
251
1471
74
807
999
803
1707
56
828
637
1732
1177
189
1409
1508
1656
1230
405
1467
1277
1007
1963
1828
781
365
1873
741
1589
114
992
1060
188
1799
412
991
1858
820
171
496
904
1700
1037
314
1209
1045
1896
1966
1586
1715
1243
945
1679
1071
1002
812
1788
1227
1553
1377
1342
897
790
1882
1049
1202
1226
907
374
1397
file112
1755
1278
1098
1144
1944
659
189
1840
625
128
1908
220
1073
1587
1291
427
399
1432
1655
305
809
1349
1202
1951
1231
603
1505
457
1863
1879
207
1618
1158
1657
1115
1102
316
1304
1295
941
1784
1203
1161
858
1142
804
1285
1893
236
1292
198
1398
641
1753
1873
356
855
682
219
1086
889
190
244
546
1305
1699
862
961
994
155
746
549
1316
1956
1691
file113
473
1241
1584
1061
886
135
459
1527
1888
161
1400
596
1368
83
1168
454
1324
1710
1051
1871
1015
750
733
328
1744
1426
645
909
1382
336
976
272
796
1862
407
1607
1389
647
1768
1142
1244
1488
1225
412
1943
549
122
994
772
1489
1858
169
1840
1099
1596
485
8
978
1173
1743
1954
1797
539
1816
205
146
1206
852
267
348
448
1755
1925
1212
1698
file114
826
1686
1044
1599
1175
1140
1809
1345
980
908
1293
1817
916
271
1342
1011
226
1550
394
1697
49
1952
549
316
652
1350
71
929
562
122
1756
249
1166
1707
1776
307
1516
1473
1639
424
766
1692
1038
1151
1056
1616
291
606
362
1988
1007
315
890
1323
967
592
1395
1154
1869
5
1755
1035
64
1532
1694
1580
1357
1334
356
124
1495
400
1514
646
1808
file115
1130
1290
767
1492
1278
1774
159
520
1098
1479
1112
845
1728
619
714
85
374
101
149
258
1796
81
1616
1482
437
1740
977
1189
1254
1975
998
736
1265
1765
228
896
1539
740
1416
989
219
881
186
1947
1500
900
32
226
1354
181
485
1150
614
984
1403
193
313
592
1447
288
1942
535
1554
59
763
802
1951
1855
218
940
74
1451
373
951
379
file116
405
1178
85
938
15
1587
1904
116
571
1307
309
1236
1900
108
1525
194
643
1431
254
1758
233
205
1614
803
1497
40
255
976
414
1558
1708
1171
1088
1793
462
1103
1733
366
1571
656
1674
1880
1893
1926
340
1770
120
983
1201
726
1094
1786
931
708
941
781
1100
1548
109
1514
1107
1817
1038
195
1963
1852
1651
1696
218
1222
352
244
1455
597
170
file117
1795
367
643
1131
1920
1369
225
1706
653
1285
1000
1434
385
548
1543
252
1655
1713
1642
203
1676
1494
206
1724
64
1428
428
309
883
1026
831
1031
1745
1474
162
1666
1196
739
1849
24
724
1635
761
1273
1178
1013
1280
1243
1007
1835
1271
501
41
995
918
1470
1776
1227
705
1154
410
1736
899
237
250
565
1433
989
642
1634
1365
1366
1269
127
991
file118
799
1492
272
395
500
459
1666
1353
501
662
271
323
790
1850
1380
1944
261
1469
843
498
1719
1761
283
1061
403
269
426
1769
1890
553
1113
1041
46
1385
1436
898
196
1103
251
697
117
523
1020
907
373
753
851
986
222
1836
1941
1807
119
1002
210
740
1781
332
630
334
1445
1672
732
1182
1108
1630
1378
211
1882
76
328
757
1448
1235
1482
file119
201
438
469
423
485
305
717
292
777
71
855
1517
1852
1187
148
539
632
1820
1271
166
928
1254
1544
1492
1136
1972
245
1773
1408
1727
326
198
196
1102
683
502
1819
1328
1279
242
183
1148
447
1722
1296
986
706
1116
609
872
397
1863
768
1889
1351
1093
61
1596
866
1821
1324
1192
20
1872
294
1055
726
465
735
357
708
918
1506
1155
992
file120
802
493
1698
271
1102
922
1020
1318
1691
1261
669
784
1322
266
2
1496
1942
1194
1868
166
1841
923
893
306
1659
1602
1366
929
1108
873
1922
263
1972
886
821
895
1906
139
938
1167
808
1722
841
1426
76
337
1720
1270
205
1887
1463
1481
1132
1770
1492
734
1488
421
1843
362
695
458
80
1344
901
267
1250
1392
1205
769
553
1279
1610
1979
1355
file121
1948
52
625
153
1939
441
1634
1071
563
1478
1805
51
1900
0
765
947
810
846
319
154
99
586
1756
1844
1791
525
397
1070
136
728
425
436
780
1403
589
719
576
142
759
54
300
306
652
1928
1606
1463
1126
1925
1969
1577
512
78
1421
655
955
170
1726
1091
899
503
1527
1679
1906
469
751
102
1397
1245
861
1803
1897
24
462
550
1952
file122
68
365
1078
345
686
655
1209
764
429
1865
1720
599
1591
1163
1850
94
1043
1882
353
1864
633
807
1613
230
21
1416
128
397
1030
349
650
1395
1779
996
433
786
205
1198
1215
70
1270
167
13
17
460
1828
1899
1165
1692
884
324
1305
1115
1074
1595
742
1304
625
1443
1955
372
1574
1303
805
361
1860
355
1928
1931
1977
95
296
411
113
1108
file123
591
364
273
636
1249
598
1941
716
1295
1367
311
38
1024
1288
1833
1331
12
1408
634
1169
121
494
1525
49
777
1502
145
1426
265
610
534
1209
974
808
1845
223
1758
138
939
1053
1506
1602
1443
882
1242
1277
213
1254
1037
847
776
1158
1693
653
1207
823
507
1704
249
773
314
783
334
1289
1943
179
1864
1701
317
1156
1107
175
1110
550
1057
file124
353
179
1270
1959
1216
469
735
726
515
1388
1934
1338
1896
1990
1939
1021
305
722
1355
1946
1018
1534
162
1071
1851
1318
178
379
429
1081
1436
1134
1260
707
1093
829
1528
1829
1555
43
1569
1841
1733
1465
1832
1672
838
489
747
193
787
1765
1727
949
1188
1931
268
1367
662
1049
448
98
183
60
1157
1628
1241
686
1809
797
1379
990
815
1196
1174
file125
487
35
15
1234
228
802
1351
308
1752
540
591
20
1907
1253
1421
707
1703
1956
1119
861
1584
361
1899
1394
1510
980
1125
852
1795
321
27
283
708
394
1869
1289
1197
1221
1949
949
1761
892
1321
145
742
1079
200
1050
198
1061
634
559
960
380
421
293
1505
1274
88
179
1653
723
1239
47
593
528
1244
1814
477
545
1927
1369
218
299
1866
file126
1312
1378
67
362
1576
1480
997
488
793
1729
1261
1086
1235
535
1526
1766
540
250
1005
588
1195
1534
184
1361
363
1082
1288
85
1300
1587
1951
613
1317
370
1327
893
1851
676
1733
996
406
995
434
1993
1882
1960
1759
423
562
1116
1363
1757
1002
1547
1118
1718
981
758
1803
282
697
1754
1247
14
477
574
1260
680
1251
1345
1676
9
340
110
2
file127
575
422
113
998
985
1581
361
742
584
260
213
654
1242
1323
457
1876
21
563
1475
387
1040
49
1647
1720
1652
993
1396
13
1685
1858
15
633
480
1610
1618
62
323
712
1277
178
601
461
406
622
1024
1881
1361
65
282
1009
1785
1935
354
1534
300
391
1744
316
1004
377
1148
614
347
1562
1290
1060
912
226
337
564
404
1025
810
264
402
file128
1043
1626
467
1325
987
252
1612
1341
138
1913
1732
1883
581
1088
612
1729
1703
960
1292
993
372
204
1219
1061
1121
1975
352
498
1137
616
900
180
242
1719
1505
1229
324
1118
922
462
1383
1007
697
1964
95
1310
1693
150
622
1337
1495
994
1894
714
55
1367
1041
759
1865
530
1376
710
1970
1189
568
1552
1513
38
826
1976
1421
1833
1025
1385
281
file129
335
1430
431
1309
768
1927
303
662
993
711
29
387
1470
246
917
1198
1716
1628
1521
906
548
1425
771
938
251
747
359
437
1773
96
718
460
1526
1501
1770
294
1428
425
1308
774
1136
1689
1161
959
288
78
157
356
58
30
1614
958
1455
386
1896
59
1485
255
496
1610
703
1566
423
230
1067
193
876
848
970
537
1622
107
226
1135
1418
file130
866
1565
1575
1223
1624
1958
1189
934
1413
831
1472
1438
320
1023
142
1886
1446
372
1306
1991
1600
154
1314
137
1776
1421
364
911
839
1582
828
766
1157
452
1076
347
1739
842
274
570
666
1687
8
987
1063
502
1225
861
1226
531
1205
827
685
519
964
813
292
1680
76
1483
1263
905
601
420
1709
1678
767
1448
520
1042
18
1186
1081
379
525
file131
496
881
1751
1710
108
282
915
935
1320
1434
251
133
78
1932
210
1561
1195
1115
162
1615
824
192
735
273
712
129
643
1562
1022
776
59
256
527
1769
716
1162
684
3
482
470
254
615
900
186
1177
461
1733
292
975
1349
1469
1168
436
94
232
565
737
483
127
112
1260
538
720
139
307
1436
1301
1343
1439
135
165
45
1103
1065
584
file132
280
1878
317
925
854
18
394
22
806
488
254
1371
1577
1090
1851
1689
350
389
409
841
697
1845
495
392
1636
630
558
34
1733
1975
618
366
1854
1287
1291
708
1658
37
1082
464
525
1688
1836
102
778
39
144
1480
428
553
322
1477
751
817
1870
739
1799
780
773
1885
755
1743
251
961
1383
1894
1669
1041
1931
1103
1505
808
1144
1693
1262
file133
1922
84
1406
1755
513
312
77
1990
1063
1246
212
154
1397
992
928
1282
100
1023
1885
1061
406
131
1083
1799
414
186
1657
1222
1330
1350
485
1605
1435
243
1360
300
555
1789
642
1970
1035
855
125
784
1847
1405
67
299
428
304
1361
1187
436
444
986
850
982
643
425
313
346
1262
270
133
1857
1630
433
413
1771
1075
735
1158
282
860
1942
file134
482
617
361
781
1398
666
142
585
1454
586
1923
656
1569
567
1081
234
1265
695
856
553
486
183
1318
609
1610
53
1767
1893
1266
1709
375
1883
71
1156
1633
1089
1651
218
543
589
494
1199
510
1413
633
1096
678
1680
1952
428
233
438
963
1551
1399
573
1957
1166
466
1223
876
1193
1458
1299
702
1092
388
353
1662
1283
1294
156
834
1805
1819
file135
901
599
1500
854
1027
1733
1644
1990
1637
1044
916
1594
210
1734
817
1438
928
627
1089
1982
1719
1829
687
1112
1981
1890
299
1786
1812
118
1040
763
1618
246
143
1704
133
1341
1286
1401
935
1849
1136
104
1287
416
731
729
750
803
558
1437
537
1671
1418
779
1970
1557
943
440
949
1707
411
1195
1850
115
1085
335
1808
724
1737
743
573
1225
1199
file136
212
1993
1930
941
743
1085
1500
180
1622
1171
1950
754
1493
1859
1697
285
808
1404
696
3
1254
1163
1441
1590
971
165
1679
1714
738
904
1265
950
1249
1196
1892
1992
633
1744
524
256
1267
474
1010
760
686
1059
1397
1494
464
94
1850
70
1257
1291
1660
581
1808
1691
295
898
947
1913
200
196
1461
444
188
712
350
1455
1539
1712
567
225
772
file137
1965
71
1588
411
273
1658
20
1564
1671
601
1724
1362
1249
622
310
1162
1175
506
623
1619
1047
717
1808
111
1420
1615
1650
1484
183
227
256
500
651
196
1263
924
1855
1283
841
1526
1885
565
1240
1134
1540
1550
648
1067
409
1271
686
1456
340
846
1567
112
462
1570
1597
997
149
205
1849
800
402
1112
1725
257
395
918
135
632
1835
1375
118
file138
1375
1278
766
442
1687
389
1481
1495
1082
327
1062
1194
1141
984
791
490
1134
1349
339
1934
1751
1451
11
360
199
929
495
831
765
222
950
492
1500
68
1287
1187
458
768
682
1892
1447
97
1086
941
1433
230
1431
567
1579
1771
854
1330
1574
1217
42
1773
147
537
605
1264
759
1907
108
612
1975
1395
151
785
515
1186
677
315
1283
116
1256
file139
1068
346
687
1636
277
810
842
1959
385
59
1
158
558
890
1115
1822
1022
1931
613
1350
1678
765
135
546
1951
1165
861
1586
1633
469
654
331
1508
642
608
319
1484
567
704
1544
568
1214
102
1810
330
1811
1352
560
425
702
238
1542
1190
1136
1493
355
349
1431
340
818
85
671
679
1080
1279
998
564
198
54
460
1118
1268
563
928
1950
file140
840
739
1303
1400
1164
357
1990
706
1547
1479
551
254
1828
1982
594
999
420
1265
30
1500
544
1028
64
1094
1434
525
212
1054
1440
1140
1005
632
1880
308
384
1396
1017
726
455
565
205
1006
1171
386
1341
1766
1737
1761
1031
1767
1613
1928
1147
29
1022
581
906
1235
1635
346
727
640
978
607
1300
1714
4
670
441
811
646
169
406
1384
1510
file141
524
1121
1623
1908
888
1588
1836
35
1618
1210
968
797
956
1223
1525
1948
201
484
1249
1916
840
1919
709
1651
1506
1707
1821
264
1092
1683
789
213
1307
697
1454
895
885
1841
865
447
1162
1390
1597
118
613
1474
66
1166
1958
1667
1434
1151
1938
143
802
1444
1851
975
61
1295
659
1202
1860
318
1899
1666
1565
1136
1508
431
1935
670
1884
788
786
file142
1358
1206
304
1669
874
1739
820
812
234
1622
257
437
950
670
1732
1609
1872
1593
1927
123
1259
1492
1611
1119
1923
1546
141
96
1783
1281
1234
1141
488
1539
1162
1362
1630
1982
174
1864
1957
783
302
907
1453
34
516
1677
1979
795
1800
1239
287
1411
710
563
1310
852
1011
1093
133
246
586
973
137
1749
335
1767
83
862
1631
40
1997
285
1299
file143
1451
320
1815
1480
651
962
1281
242
1250
1044
953
165
354
157
1176
1799
642
1774
386
1616
1911
487
303
30
570
1165
1662
963
1163
1947
262
966
619
430
446
1271
1392
79
1513
994
1124
818
1159
1830
975
688
1630
1618
814
368
1586
1078
855
1889
1108
1777
1407
1122
740
1422
1003
1888
41
1433
686
1664
825
766
1530
172
1890
348
1331
1720
1676
file144
371
1702
1646
1186
70
1232
264
1277
1473
1724
1407
880
847
147
1802
269
1502
1690
662
1287
377
679
465
1143
209
637
1385
909
320
1457
937
692
1160
583
1878
1582
167
494
1212
1641
570
619
521
1417
1118
324
38
973
14
1053
260
743
1732
725
238
293
1714
1623
1554
35
1433
844
727
593
1427
957
527
1947
1803
1739
1588
373
710
461
143
file145
1829
785
533
802
1152
1586
1414
247
1670
492
486
315
206
461
222
241
246
1066
1320
839
845
277
1719
792
80
1458
732
806
169
1194
949
350
331
1482
1835
1421
918
83
1443
1410
921
1759
1617
1734
333
1858
1981
1399
1531
1172
596
1808
891
1741
702
473
871
19
348
1573
703
182
1077
538
1955
1995
973
1406
1894
1510
1023
195
1233
1962
1946
file146
764
1134
542
925
378
283
1518
1080
1109
917
303
1480
1617
1876
183
151
953
1074
107
1300
47
1858
706
294
1720
81
275
1915
1315
589
1861
431
75
403
1708
453
1039
1226
1533
500
495
188
1980
112
416
516
616
1369
1590
723
1022
1989
933
1728
653
1810
910
568
1477
1499
781
260
1575
1536
1969
380
575
1547
266
1427
395
454
1760
859
871
file147
276
1475
592
218
550
1614
207
1483
1695
843
136
1505
105
1056
1334
1605
1837
1594
1532
1374
1915
264
301
1463
530
1729
1858
1337
1841
1069
208
117
545
1152
335
1095
767
894
579
814
1737
1067
671
1843
476
5
1800
665
1951
1684
391
1867
1948
693
1682
831
774
1892
168
615
961
728
1084
1506
1880
1419
954
999
1885
1813
403
952
484
598
1780
file148
841
750
446
793
434
837
660
734
1882
694
1917
656
586
85
1623
1547
813
707
1406
1046
478
360
45
1144
597
211
1899
1549
1047
849
1682
1889
1599
128
682
33
965
1694
1119
848
740
1037
1856
1326
1474
1832
1225
640
891
983
1686
1370
1695
83
866
292
646
1117
194
1966
1876
1583
1565
4
617
1950
1321
663
1421
169
1403
458
378
1081
285
file149
210
658
925
1101
1642
611
823
1337
694
41
1982
1341
1158
176
1387
1476
404
1322
1393
408
291
1695
1729
1306
1117
251
709
1927
981
142
212
1543
800
1137
644
794
100
1820
484
795
213
466
488
1372
994
227
1200
1398
1549
594
1806
1840
289
1887
1146
1758
490
207
1686
1823
701
250
1366
1501
1740
363
648
535
1132
987
748
1598
1827
472
592
file150
54
1673
342
1603
619
148
1795
1260
387
1293
1019
1230
1500
1057
1053
201
1659
772
55
1399
1135
703
1240
1670
187
227
418
137
891
1081
461
916
1423
65
1535
1923
212
795
662
1506
166
1892
1358
1223
1298
1912
883
70
319
282
1557
1374
1874
1579
1561
102
349
1698
509
1592
779
970
508
554
1387
395
477
1600
1191
1139
1458
1357
1032
816
933
file151
682
728
168
1104
1399
450
661
773
677
592
334
779
941
384
1640
534
1515
610
1394
69
1998
1790
546
1950
1333
1686
1408
1042
1070
224
327
1752
1305
495
856
704
1298
1869
1830
1975
461
164
754
1754
901
394
640
416
1356
35
486
1354
177
1032
1656
1862
1064
904
140
1641
1232
244
79
1452
354
1377
1673
184
1352
701
458
241
1602
1204
1233
file152
370
561
1268
856
267
1797
241
1924
1659
1663
1340
916
156
981
500
752
279
579
205
986
1957
230
1170
1661
717
223
120
1310
1825
1324
543
548
1885
164
1404
505
1961
1997
429
1973
1769
1241
169
1103
93
921
1734
672
1126
720
1709
243
995
778
466
1115
88
644
439
983
1192
677
1147
948
1534
1461
1298
1963
1786
1311
84
1027
1480
1539
1120
file153
401
1274
144
1880
346
1478
1589
589
473
367
1408
1588
807
52
379
1790
1596
1290
544
942
751
1842
1257
537
1505
1694
1916
985
1233
1388
1739
507
1532
1619
854
1010
1560
1795
1835
279
1203
1423
1086
1607
155
1228
1915
518
100
1210
1621
294
467
158
1800
161
426
785
1395
1814
524
254
1699
495
1460
1061
55
1256
897
686
811
672
1772
419
1179
file154
1353
1622
1095
1871
74
305
1493
369
1124
3
169
1286
782
954
1033
596
1831
1639
647
326
1100
1709
734
708
606
1420
1519
1630
1545
290
810
898
265
1905
1121
339
562
966
38
1322
877
1324
104
184
709
700
15
349
1700
693
1449
1409
1427
157
367
1200
28
1997
1097
319
807
347
584
1064
1468
923
1978
787
1632
17
109
509
1693
213
403
file155
1265
1060
1104
965
1754
905
726
1533
1414
1093
1085
1442
1091
182
113
250
881
697
1667
702
1973
1645
1489
1605
14
1598
466
1708
1811
1512
463
1428
572
1919
394
678
824
1120
564
238
566
1649
1680
9
184
1794
259
1417
843
278
119
816
1924
1608
773
290
1558
1240
350
1721
813
1150
28
732
1896
707
1908
1368
1623
146
1934
1624
179
1943
1808
file156
325
555
1226
1168
833
1697
337
1109
1306
1110
1400
864
702
1750
586
1806
916
88
1835
0
1984
894
1909
1352
869
55
1639
493
234
1934
654
911
489
1880
432
1675
1929
769
784
1235
231
184
452
934
287
1390
1092
1203
1478
1279
1555
1814
525
1464
1166
1394
1520
1157
1888
106
542
1018
1933
774
1450
1608
703
571
393
291
802
929
743
1568
485
file157
1533
1123
1963
812
679
1777
1690
143
1295
1436
1663
805
1324
122
1897
218
1140
1830
1344
942
1791
48
1513
184
691
667
1465
1786
756
1034
271
641
509
234
1805
1188
363
1495
1332
10
932
1347
815
608
1469
712
827
961
895
171
255
1038
571
120
1574
1262
788
1039
1400
1896
425
1671
889
935
257
694
123
620
190
1807
631
1474
1507
1798
82
file158
1328
511
1261
642
1758
1785
897
1148
356
1370
722
1971
510
1761
1371
758
539
1395
1647
1474
1652
341
1949
273
883
109
1256
357
1616
1054
792
944
1917
405
1938
27
190
836
1175
899
558
1897
1222
1068
11
945
1826
550
340
1473
376
1993
166
325
618
1050
786
226
1759
402
1280
903
1699
1550
1309
1637
1577
1851
825
1105
750
1735
1354
324
803
file159
1365
1270
629
267
1610
454
643
1955
621
1321
573
23
107
799
1782
510
432
686
561
334
347
550
1911
198
1728
1368
949
1463
723
1625
88
895
1248
708
858
55
1351
813
1028
672
1739
1051
780
890
833
1642
1674
1871
555
8
218
1105
272
417
1640
1718
649
363
1343
1268
804
591
516
1864
1449
923
1215
614
1951
240
705
1002
1020
1948
188
file160
1014
1622
59
1569
1983
630
1026
255
1399
212
1895
1117
861
611
812
129
1767
1755
997
1631
1556
1921
1198
523
1872
1438
1228
1227
810
1528
1415
1824
1151
1826
1745
1134
456
772
1741
1855
984
1636
1324
197
599
489
678
718
596
1675
701
153
1948
1900
676
173
1690
256
1752
501
1785
1167
325
1288
993
423
774
1802
1195
515
9
531
503
1334
1080
file161
1455
175
1758
525
771
1785
1227
1276
86
1479
1952
611
1169
561
363
1670
698
1530
348
338
875
1464
1029
318
1979
1039
1201
834
725
281
641
1252
39
1167
23
176
394
1300
262
1873
1604
873
1394
517
1236
1417
1567
1118
1765
1905
346
888
1369
1375
1558
1700
414
759
887
1491
1040
1528
743
1431
695
767
1959
1441
419
222
1666
375
1447
1061
1245
file162
1036
478
812
506
595
1070
852
1483
439
228
1041
492
994
152
1379
486
1544
907
1229
1327
1603
348
1286
1396
1119
1860
1063
1847
1660
124
1092
696
602
256
1202
1197
1326
407
1032
118
635
425
610
1981
577
1989
819
121
1248
401
1448
1203
749
1086
600
221
947
1663
68
607
139
1512
1655
741
120
857
290
1799
1264
1674
269
251
99
879
585
file163
1028
1220
1404
1501
820
1805
949
24
907
387
976
1128
1686
639
1548
293
778
1412
1948
1871
1884
1158
513
35
774
187
304
1378
638
1535
315
1666
1107
1719
1167
1928
1877
468
784
855
1280
264
542
1919
164
1187
1049
1488
920
998
1785
200
124
1972
504
1502
610
40
1817
628
1499
1889
1795
1427
1766
263
1731
902
1470
1011
1518
364
1282
34
1552
file164
683
1962
1040
1955
478
390
1740
678
514
64
1535
369
674
1927
538
1654
1426
427
1449
854
545
937
1799
301
1317
251
1583
1351
1803
619
1665
1195
574
144
1585
315
1174
452
379
709
821
1406
636
1359
1060
415
139
862
1269
684
926
558
836
813
859
153
1065
795
1857
1220
1414
1874
768
1988
370
705
655
1545
1157
1387
606
1978
1145
1595
1338
file165
557
10
1829
1419
1631
865
698
189
1701
1863
1049
207
1280
1844
416
501
1610
290
1621
1950
1013
326
606
910
1484
345
1516
1462
1490
1463
1152
47
1473
981
1819
1456
199
869
1646
1900
732
1047
107
13
1243
523
866
853
1166
839
803
179
1165
1761
1089
649
106
957
464
1948
421
1616
348
246
950
167
55
1501
1388
53
1401
120
1100
1861
485
file166
343
736
1703
1548
254
542
703
433
1708
817
1874
709
1275
1184
1173
1224
1957
1142
1924
555
444
443
610
1945
1831
663
1698
1951
1763
1559
789
458
296
844
358
550
1387
1414
1336
1447
231
1562
156
1506
746
1682
1082
824
1006
1611
1268
1449
221
1565
1280
885
1263
1584
1000
823
725
1811
1471
1569
521
373
1308
1935
61
755
166
1976
1264
25
722
file167
946
1107
1778
122
114
1389
1742
1915
1962
1307
1196
847
922
1132
200
97
1857
363
1920
1426
884
646
735
1172
707
1842
1690
683
1106
1715
1758
404
1175
1888
878
1641
1629
620
1556
1591
279
1104
791
1202
236
991
1299
93
1706
1220
1872
942
1866
607
925
449
157
1961
1908
71
664
1399
1959
1543
1392
1588
515
949
1179
795
405
322
349
642
1313
file168
0
1087
1371
1220
959
314
1438
1566
780
716
368
937
677
628
1162
748
1644
561
1059
1187
1954
647
55
1255
178
1202
1660
501
1551
654
166
1742
1890
1124
701
204
914
620
984
1630
1340
274
659
1968
1436
1407
1964
349
818
1504
655
1817
1559
262
348
761
1923
849
312
929
1367
215
671
1257
1339
1725
1813
254
697
1150
236
37
1424
896
357
file169
1212
655
321
1561
1474
1825
569
1291
1384
831
1639
497
1106
840
1161
36
560
1377
1059
1817
1068
784
1631
1322
1481
1133
1911
1518
557
807
227
121
1462
549
1682
1288
726
603
932
111
1435
571
960
541
1764
122
929
324
1499
1989
493
567
1125
476
242
607
1609
153
477
518
1312
1057
639
774
1606
674
415
332
1277
1347
795
1064
270
1756
1958
file170
34
230
887
710
1729
1228
1204
648
354
1680
1242
1313
1642
1747
142
160
1059
1199
800
186
805
1474
601
1490
751
1948
637
168
570
745
126
605
975
1013
1667
1056
242
871
1705
948
904
1299
261
546
1047
403
1058
106
1603
1858
644
760
1332
1245
602
436
1545
1240
604
116
337
1082
1073
95
1092
369
689
316
426
1989
1220
1726
250
118
1125
file171
1006
1176
1583
609
1387
228
1721
1071
1825
676
1507
1723
268
463
191
605
1897
1616
1918
1993
708
640
1034
1024
1418
596
1496
1626
714
621
632
243
205
1593
1630
785
1667
701
610
343
561
685
611
1376
876
1568
1274
492
1487
1619
1201
479
1005
577
249
381
1174
1746
8
240
367
992
483
924
938
465
61
1167
1300
80
1709
263
1456
586
1831
file172
1082
1430
1670
701
983
501
59
1561
751
440
735
497
800
975
1216
145
1811
141
1083
276
554
40
1443
1578
1692
1875
1288
1955
1684
226
138
766
1656
1809
1820
992
662
1879
553
1413
671
1910
1824
615
1479
1969
426
1620
1404
703
526
1796
498
105
1488
726
1745
1795
410
1971
285
1528
1979
446
1348
971
1109
1579
1876
522
603
1164
785
427
132
file173
264
396
910
236
152
1613
762
1948
464
1219
1788
1190
964
1583
1952
935
220
1480
1267
667
1181
590
1776
760
467
650
1715
1983
1435
142
115
51
890
1026
287
1042
991
1402
990
1807
621
778
997
1586
713
1301
873
934
782
492
1953
1963
1083
81
1075
1550
731
791
1533
519
933
1649
570
1824
1027
1210
1218
18
612
209
1826
1585
1339
1175
1523
file174
405
477
397
1691
1611
889
1644
1574
1972
1725
1001
1522
808
1792
1408
1327
1078
1057
250
1254
436
1460
472
806
424
1033
632
9
373
160
1885
1130
989
282
821
600
1523
817
174
1848
894
1175
1722
1702
1320
1030
398
539
1632
4
975
1092
476
1782
1868
1510
766
229
235
1278
114
1365
267
748
186
867
624
1003
1393
249
921
194
1951
241
1677
file175
1333
991
568
965
995
1544
409
1823
1678
629
796
859
1920
75
1325
1285
342
74
1562
698
1178
955
1522
1427
1876
68
1379
469
1745
712
1812
666
30
1159
210
439
983
240
1069
668
1388
280
589
1463
1605
226
158
31
50
1720
1081
1228
1027
603
656
904
1024
387
1725
1121
1451
1538
1787
1481
1049
349
273
32
1694
1053
1978
1974
1994
1793
1931
file176
220
1951
315
270
23
1396
1851
1051
352
859
307
1376
1246
32
849
1049
1922
637
531
1324
986
1156
1708
1928
850
761
258
1176
755
51
1107
1328
355
1422
1950
378
1171
1801
1429
1523
1012
88
1251
610
473
452
1660
747
1089
543
71
428
1699
1780
356
549
541
614
1725
1649
1017
1184
977
1372
607
1279
103
130
1081
1884
5
445
1973
1256
1056
file177
446
1708
716
1193
1150
1259
1265
1578
1310
1045
286
1859
1938
1252
1936
1939
269
1120
1268
1994
79
548
97
561
1981
566
426
306
174
1482
752
235
550
298
1385
161
1563
1315
1471
960
1601
1682
1250
853
1618
1542
1122
1091
810
1468
1522
1358
1565
84
1339
1899
650
118
205
825
1600
1060
503
1608
797
664
1523
112
136
835
1713
1818
437
1789
1979
file178
40
1232
790
1861
1106
500
1426
1190
1840
1677
193
310
1883
1370
1910
1545
430
765
1153
1579
1430
1028
1691
1566
1863
1756
1736
300
322
1877
280
714
1461
1422
575
568
1922
354
110
114
383
303
424
266
25
687
163
807
1452
1316
386
882
344
77
800
559
1833
889
860
507
1118
1492
1574
580
914
501
1148
836
1207
1610
1303
1591
1914
1727
209
file179
1939
414
373
747
219
41
1485
1101
386
1563
254
1297
1748
1495
509
608
613
1
182
1193
1267
683
693
104
243
304
1407
1834
570
1486
43
861
253
416
1608
472
810
1094
1925
1548
1009
179
845
757
1674
1355
1365
640
1708
1899
1833
976
935
527
1432
1178
1183
1191
1012
1753
677
614
930
176
575
1754
986
21
1680
534
1030
211
1379
139
238
file180
1086
1857
878
795
108
711
1771
1043
1590
1203
573
773
394
1585
1423
1345
1845
706
1521
420
460
859
441
140
1393
1823
352
1124
314
590
211
523
1468
1358
984
531
1481
27
122
684
601
1247
1430
538
478
1205
235
323
1911
1756
743
372
615
1536
864
360
1711
1216
1485
377
158
48
1253
1626
1758
237
510
1239
616
275
1569
583
57
1061
1262
file181
695
1736
1174
804
831
1898
1419
367
762
132
430
331
1969
1160
489
369
413
468
127
1002
978
1366
1618
314
1641
1188
897
1698
1648
311
1312
343
47
838
1147
879
736
919
1598
1851
1403
381
182
1372
1541
1023
93
306
1491
220
1308
821
1938
926
1487
1931
466
385
1981
114
1048
1293
810
1095
309
326
1220
1580
1925
1423
1335
1605
707
199
629
file182
800
505
472
1372
165
1646
1310
1091
1133
1593
1558
1870
1574
24
918
1220
1186
14
1704
1848
692
924
1428
617
348
764
1275
305
1823
1474
1286
976
331
111
496
1757
11
1940
1242
1956
1850
1113
1531
226
383
751
1413
749
455
1261
1442
1731
1041
59
431
1805
1687
737
1981
1513
23
957
1845
134
1657
693
243
20
985
1838
1977
835
951
1860
1062
file183
1686
611
827
436
1418
440
1878
1149
1481
289
1933
1639
1976
670
1620
1842
1045
929
1687
1532
938
732
127
1311
1718
1965
1288
905
1268
1500
1967
955
111
1146
1391
1881
1586
1621
1382
1068
1910
1315
1059
239
337
679
81
1383
1960
120
1267
898
1204
1394
561
922
1360
1849
1828
628
1701
147
1583
1812
1646
1326
45
1232
947
1428
652
1210
1095
1711
1801
file184
1433
742
234
1168
702
706
435
1953
1910
181
514
1185
1541
716
1365
522
417
1864
457
582
1510
136
979
1095
1435
407
1747
997
1855
1811
798
1640
553
1384
808
1608
90
1595
1913
353
1776
427
1538
1670
1495
903
544
1119
1001
847
630
1489
1826
77
925
586
176
1922
441
1987
721
433
893
1241
501
548
1188
414
901
964
1193
791
986
689
46
file185
1530
954
1165
884
153
1795
725
1979
1872
1650
917
49
1573
1710
388
646
143
1281
1103
1736
134
3
924
900
1256
241
94
47
1227
1135
445
1110
441
1611
346
594
1758
1071
925
1631
1074
195
32
647
1905
772
1645
401
406
748
137
540
1104
1062
1793
712
1303
239
760
882
1374
1557
344
167
1168
1042
1113
927
466
390
910
1540
585
942
539
file186
843
66
184
1244
472
1284
1381
1013
388
443
1158
1101
98
1397
213
1333
1123
1770
29
1290
1291
1072
755
218
1538
1145
1128
1430
83
422
1969
926
488
153
170
1313
1789
1903
678
178
699
1836
1631
1149
1233
196
482
356
318
512
1998
1609
1936
1105
179
1826
250
1307
1256
685
81
1577
1963
922
1730
133
235
1519
389
913
49
1088
749
32
237
file187
1982
228
1072
690
899
1936
1040
860
1872
145
1698
747
347
1306
1433
781
883
1396
1703
965
1882
1938
836
271
851
886
1711
1600
1270
300
1934
1851
1372
624
750
1308
16
1610
1532
161
650
1230
908
1350
888
693
131
1771
90
1834
736
324
1772
1925
947
975
1163
658
575
433
958
509
284
683
1485
1386
343
1501
997
1876
14
1999
1106
922
1701
file188
347
1616
1832
118
58
18
1207
382
142
1484
1329
1117
647
339
1692
1080
1649
553
1717
332
390
1103
676
243
452
904
257
804
362
1180
505
709
1148
338
1558
708
387
1940
851
223
1621
320
870
1960
365
1950
1609
918
19
294
1661
1123
1322
1904
1927
226
514
731
588
46
1237
1650
1194
830
752
987
1569
1044
1838
1792
665
159
662
977
524
file189
964
938
1794
984
1232
1807
459
906
1712
386
1484
226
1470
73
272
707
75
1818
986
905
922
1973
474
1966
164
266
983
675
1280
1960
1551
244
898
1697
1580
483
1505
391
1389
1569
778
874
147
600
1299
771
1307
1374
589
645
631
1863
618
1105
1829
1134
1723
1164
1809
1355
1124
1360
1951
22
1058
1532
505
563
1923
247
132
1053
1473
279
1653
file190
772
1402
1312
498
1991
1957
1129
206
928
234
387
62
309
1551
1872
1664
675
1584
1615
1049
994
1499
1907
1557
1423
154
41
828
1627
672
834
751
74
146
1249
417
456
730
623
1384
1316
1010
1798
1625
561
22
1641
1588
1959
1256
990
953
1108
897
511
883
1403
904
1711
1382
1929
545
485
3
1044
1734
773
1500
816
1396
1236
132
759
1386
1757
file191
1672
1761
1750
1261
1720
1006
251
673
466
1500
1184
1349
1255
441
1413
637
370
1958
1122
725
1354
1208
1498
1206
24
1247
794
156
6
181
265
1678
1942
15
1291
1662
1373
1894
687
1840
1394
1872
1541
649
665
954
1638
1035
1265
1112
1760
619
672
1259
178
696
506
972
1204
864
1505
1821
894
1799
188
186
1813
1562
80
501
1754
1827
1295
828
1390
file192
250
467
425
1515
1931
537
486
604
148
664
1652
1006
1989
857
1870
1494
1030
765
1294
1219
1303
1107
1133
1383
1960
1239
1562
685
886
391
75
1488
1210
852
1003
1141
1390
1842
1745
1890
506
1398
897
847
607
1119
342
236
1988
1560
1539
1447
693
1275
1408
284
837
93
1171
1580
521
659
790
1373
15
1932
1115
1857
29
1358
715
1779
255
1563
738
file193
1726
257
728
1963
245
288
1502
1692
1334
1129
1452
1618
1967
1546
1141
1899
419
1801
690
1792
168
974
1260
377
1355
618
1092
1135
1225
1007
1873
951
1264
953
914
1861
1594
769
1554
1280
1898
1358
898
217
904
392
117
1675
545
1159
1820
713
133
1080
1090
1488
50
534
975
1275
1542
1201
578
1158
506
1845
1020
100
966
926
1380
1216
284
631
1434
file194
1541
1023
1903
1216
1568
1062
1036
633
1547
468
1723
1387
518
257
363
145
151
1916
1076
1310
422
921
682
523
1887
1608
255
1103
244
886
889
1785
261
792
1354
1829
206
742
814
1753
1211
537
1493
81
1147
1856
579
1298
124
1655
960
546
928
1642
1421
1167
1602
1677
622
1847
563
1512
1984
825
656
1338
1006
1215
433
1821
968
1996
710
461
77
file195
209
669
1008
1508
793
1015
820
1692
1943
463
1113
1462
417
790
85
264
1706
1597
601
883
605
291
241
1820
724
414
1141
720
1125
1954
1150
1334
624
158
1194
1769
1174
367
1813
1469
1182
927
932
1599
69
1017
216
127
966
817
1010
1571
1108
1604
1392
1833
18
885
553
1495
839
55
1815
214
728
1937
1740
1095
1750
1561
277
1029
493
229
1451
file196
1862
445
1578
828
1262
941
752
722
545
496
555
915
1381
1461
411
220
1516
1945
36
82
673
1973
1822
121
75
1384
398
1105
229
979
556
92
1424
134
1272
1038
1427
24
1761
1972
520
668
888
253
129
1651
474
1998
1596
862
80
621
835
255
742
910
1639
1493
367
472
923
312
1897
1410
1937
1287
837
1961
1048
810
834
1717
50
1087
198
file197
53
1913
196
1
775
629
622
1962
884
1365
1225
875
858
1592
1447
1682
516
112
1931
278
49
1219
1115
10
267
277
1196
336
679
284
535
732
197
1083
733
973
64
1708
935
1300
1073
160
527
283
105
1975
1965
87
249
1251
136
1468
366
498
1735
644
1695
72
1675
1979
959
408
528
394
1493
1853
459
1201
1141
1759
274
1653
287
909
1758
file198
262
1227
731
701
1476
1982
837
944
1335
1031
1697
1030
1455
1372
1361
414
1780
242
809
1626
95
1268
827
1236
1379
1454
890
1666
715
648
280
1942
1732
981
1770
66
170
1066
767
1506
98
464
888
1553
1837
602
320
1969
844
1481
1595
939
1101
423
528
480
229
1418
147
418
779
887
150
113
1009
217
283
76
1336
141
526
1801
431
1990
1984
file199
751
311
828
584
1907
119
1685
682
647
166
1263
65
665
207
836
1444
1446
1338
1557
456
193
884
1244
334
1410
1397
1716
1739
1700
945
50
528
1881
309
1000
1567
1343
1647
1733
606
750
814
901
194
612
591
104
1068
499
297
1952
1743
983
1714
1492
700
1908
1231
400
1205
1633
1281
1086
1943
281
1005
1638
280
738
245
345
1488
1411
1598
35
