file0
1383
886
777
915
1793
file1
335
1386
492
649
1421
file2
362
27
690
59
1763
file3
1926
540
1426
1172
1736
file4
1211
1368
567
429
1782
file5
1530
862
1123
67
1135
file6
1929
1802
22
1058
1069
file7
167
1393
456
1011
42
file8
229
1373
421
919
1784
file9
537
1198
324
315
370
file10
413
1526
91
980
1956
file11
1873
862
1170
996
1281
file12
305
925
1084
327
336
file13
505
846
1729
1313
1857
file14
124
1895
1582
545
814
file15
1367
1434
364
43
1750
file16
1087
808
1276
1178
1788
file17
1584
1403
651
754
399
file18
1932
1060
1676
1368
1739
file19
12
226
586
94
1539
file20
795
570
1434
378
1467
file21
601
97
902
1317
492
file22
652
756
1301
280
286
file23
1441
1865
1689
444
619
file24
440
729
31
117
97
file25
1771
481
675
709
927
file26
567
1856
1497
353
586
file27
965
1306
683
219
624
file28
1528
871
1732
829
1503
file29
19
270
1368
1708
715
file30
340
149
1796
723
618
file31
245
846
1451
921
1555
file32
379
1488
1764
228
1841
file33
350
1193
1500
1034
1764
file34
124
914
987
1856
1743
file35
491
227
365
1859
1936
file36
1432
551
437
1228
1275
file37
1407
1474
121
858
395
file38
29
1237
235
1793
1818
file39
428
143
1011
1928
1529
file40
776
404
443
1763
613
file41
538
606
840
904
818
file42
1128
688
1369
1917
996
file43
1324
1743
1470
183
490
file44
1499
1772
725
1644
1590
file45
1505
139
954
1786
1669
file46
82
542
464
197
1507
file47
1355
804
348
611
1622
file48
1828
1299
1343
1746
1568
file49
340
1422
1311
1810
1605
file50
1801
1661
1730
878
1305
file51
1320
736
1444
626
522
file52
1465
708
1416
282
1258
file53
924
1637
62
1624
600
file54
36
1452
1899
1379
1550
file55
1468
71
973
1131
1881
file56
930
933
1894
660
163
file57
1199
1981
899
996
959
file58
1773
813
1668
1190
1095
file59
926
466
1084
1340
90
file60
1684
1376
1542
1936
1107
file61
1445
1756
1179
418
887
file62
1412
1348
172
1659
9
file63
336
1210
342
1587
206
file64
1301
1713
1372
1321
1255
file65
819
599
1721
1904
1939
file66
1811
1940
1667
1705
228
file67
1127
1150
1984
658
1920
file68
1224
422
1269
1396
81
file69
1630
84
1292
1972
1672
file70
1850
1625
1385
1222
1299
file71
640
42
1898
713
298
file72
190
524
590
209
581
file73
819
1336
1732
1155
1994
file74
4
379
769
1273
1776
file75
850
1255
1860
142
1579
file76
1884
1993
1205
1621
1567
file77
504
613
1961
754
1326
file78
259
944
202
1202
1506
file79
784
21
842
868
1528
file80
1189
872
1908
1958
498
file81
36
808
1753
248
1303
file82
1333
133
1648
890
1754
file83
1567
1746
368
1529
500
file84
46
1788
1797
249
990
file85
1303
1033
1363
497
253
file86
892
1686
1125
1152
1996
file87
1975
1188
1157
1729
1436
file88
460
1414
1921
304
28
file89
27
50
748
1556
902
file90
794
1697
699
1043
1039
file91
2
428
403
500
681
file92
1647
538
159
1151
535
file93
134
339
1692
215
127
file94
504
1629
49
964
285
file95
429
1343
335
1177
900
file96
1238
1971
949
289
1367
file97
1988
292
1795
743
1144
file98
829
390
1682
1340
1541
file99
569
1826
232
261
42
file100
360
1117
23
761
81
file101
309
1190
1425
996
367
file102
677
234
690
1626
524
file103
57
1614
1168
205
358
file104
312
1386
1100
346
726
file105
994
916
552
1578
1529
file106
946
290
647
970
1051
file107
1080
1631
593
857
627
file108
1312
1886
1214
355
1512
file109
90
412
1479
1610
969
file110
189
274
355
1641
620
file111
1433
987
1888
338
566
file112
1770
1284
856
417
606
file113
260
1849
237
1205
1059
file114
1217
518
945
783
873
file115
458
873
1637
289
483
file116
607
478
757
1314
471
file117
1729
1100
1459
1618
1438
file118
25
1388
1074
1233
157
file119
1681
1493
358
270
699
file120
1417
1839
1569
363
622
file121
794
1173
1847
431
1462
file122
682
1390
292
1791
1057
file123
1115
1521
157
574
1491
file124
1947
951
1231
1021
537
file125
1740
1054
30
98
1325
file126
1081
1516
1002
231
139
file127
1796
1404
338
580
1218
file128
1021
1970
1862
812
1379
file129
977
685
1536
1904
176
file130
1483
1207
1759
857
1744
file131
1499
1911
127
1950
1236
file132
1560
1818
1105
563
49
file133
1244
711
1805
1934
1291
file134
1375
955
1614
1589
1768
file135
993
918
805
882
822
file136
982
717
30
1093
1574
file137
126
593
1486
253
543
file138
1074
1814
713
179
377
file139
762
1775
1088
919
1710
file140
732
294
1017
346
235
file141
1137
1691
1153
1943
573
file142
328
925
1291
710
18
file143
1217
836
963
1055
1090
file144
1858
130
904
571
661
file145
1633
1685
789
1073
604
file146
851
1805
1250
1868
503
file147
1485
1006
195
639
949
file148
1120
967
226
763
1677
file149
596
1981
865
1560
1036
file150
1955
1770
1518
1211
342
file151
532
1196
379
1321
270
file152
984
172
427
234
40
file153
1283
72
1398
1830
1063
file154
347
950
30
573
1714
file155
59
1522
47
924
1082
file156
1435
1232
1204
954
443
file157
1898
1486
1640
278
1159
file158
262
1262
1683
1041
1848
file159
1723
324
272
1122
154
file160
1335
1821
1457
1365
747
file161
1171
1776
269
1218
701
file162
1703
653
1933
907
1959
file163
728
806
1797
720
1084
file164
1308
1334
698
991
376
file165
898
715
1052
1171
189
file166
1559
506
10
1016
224
file167
1109
539
0
1378
109
file168
1053
1081
1114
1338
1989
file169
1426
67
1147
1223
787
file170
231
532
122
1281
1875
file171
850
179
590
254
1350
file172
1131
1813
1857
1494
1181
file173
81
603
1720
433
1982
file174
181
1487
1415
1296
825
file175
1404
722
892
551
297
file176
32
1134
1181
506
415
file177
1057
1708
595
1999
1962
file178
297
1483
1776
154
977
file179
1309
587
1932
1382
1021
file180
266
1563
860
1682
1211
file181
1685
1086
285
930
1990
file182
583
1314
1476
116
1820
file183
1892
1525
1528
839
1490
file184
1136
1360
1618
1643
337
file185
928
582
621
310
1955
file186
888
225
815
570
1437
file187
853
8
1722
1783
350
file188
657
1097
1827
1126
1269
file189
71
651
1149
910
528
file190
639
398
1888
610
393
file191
577
1890
976
1199
552
file192
931
87
777
99
657
file193
566
952
1017
641
735
file194
1368
1298
184
1195
776
file195
1805
1266
1428
954
528
file196
308
1593
1278
197
555
file197
1672
774
445
1000
325
file198
997
283
412
127
382
file199
1421
693
1334
439
421
