file0
23
190
491
1444
689
1140
1748
784
123
1463
628
823
1723
1859
1576
1280
1844
857
718
1787
1490
1724
1426
1770
462
116
303
1434
66
690
1809
256
1181
1253
1297
321
1002
433
796
817
1061
1972
540
1272
1900
1820
1117
757
538
1256
599
262
1034
369
1077
1409
837
1732
1195
904
422
1005
1512
1603
610
1162
276
1612
1947
1424
429
1361
1321
985
1648
1493
102
384
1711
1356
998
1097
1726
427
507
563
159
1702
1819
581
707
1684
536
1670
846
1164
1282
793
941
64
file1
506
689
1737
1492
338
1231
1946
1095
1967
1657
452
965
755
530
1393
1614
1445
1552
1316
1265
486
376
1301
1022
46
147
539
1680
1292
1480
96
1799
169
1834
1291
859
1417
1237
307
1384
1247
759
349
354
1641
1742
1968
1086
1647
1636
703
133
364
4
1507
410
151
443
1796
1878
1947
400
373
1590
1611
1790
1179
1918
1174
426
1029
1876
1132
670
1970
1452
1757
1617
1089
460
102
1453
465
1610
216
968
8
659
764
1887
1550
1063
639
1924
653
250
66
1833
1593
611
file2
1198
1469
1744
1869
1791
1196
1978
1409
637
438
1511
91
1255
1473
659
224
1482
1670
1340
1721
1220
404
360
1496
1057
962
1563
1242
1131
1508
1854
682
1329
1950
903
1120
1146
881
136
1671
745
227
927
218
1238
1151
52
908
843
1773
480
1247
485
1977
657
1448
1892
251
931
1400
105
1613
1081
407
516
201
1554
1749
1435
1690
1421
180
269
348
398
1859
1851
451
767
694
576
1599
294
1414
1576
1303
1214
1468
145
12
111
301
419
979
855
325
729
290
367
150
file3
470
988
850
1220
847
701
1671
1966
1747
600
1566
41
14
1142
1696
1228
963
1251
1725
183
1615
1836
837
34
1168
44
360
1897
334
1079
399
1156
68
1601
376
915
302
400
1234
401
1000
800
795
1014
294
491
594
1609
94
319
1793
1709
156
982
1744
1324
1026
456
1573
1712
1535
324
868
1955
1925
1244
871
579
1996
457
980
996
1257
1775
362
1903
619
956
1513
713
1276
1658
423
1784
640
519
1460
18
975
1385
1730
862
598
818
1986
194
917
543
498
1539
file4
107
25
254
362
644
1210
1875
1357
838
1885
1780
974
877
651
786
895
1978
171
977
841
232
1927
11
570
474
404
1487
1017
1254
1385
908
1713
1762
1162
75
406
725
303
115
1915
540
1896
890
1418
899
1676
665
878
200
1643
71
432
1570
82
1003
396
490
1413
92
227
322
157
1989
1484
747
561
887
863
477
1428
1111
1367
1198
10
1395
1863
888
1595
1858
959
380
1781
1393
1383
177
583
225
1591
675
805
1913
832
1146
1749
1417
1894
663
656
1109
1140
file5
84
572
859
1282
582
254
1498
1823
1850
1356
1134
1137
880
317
1315
1463
542
906
491
1699
1171
1675
846
1272
1444
1092
1935
101
553
1075
185
1125
1934
1820
59
541
1318
1882
743
674
1369
1325
164
249
1642
1479
64
536
737
555
236
260
583
1434
1532
27
878
128
1431
1247
666
556
1534
486
615
75
156
850
1170
1182
219
495
1346
820
137
825
1236
1025
1914
1792
1261
174
727
1047
1707
754
1925
1879
1235
1126
1901
264
1012
739
1232
1439
82
609
429
653
file6
1104
1776
1825
1593
953
1061
619
1220
1205
1880
1394
1932
1280
1453
1039
1332
274
914
811
175
1178
1823
410
1615
161
844
224
942
1497
1329
1070
1674
922
376
736
1893
1596
293
126
990
226
1406
796
1265
611
128
1539
1525
1291
66
1056
1467
1466
1082
1845
311
1306
787
160
987
1858
1835
262
586
923
155
182
1216
281
1524
1794
39
320
1059
651
801
950
528
444
1016
1584
1911
700
1403
1345
545
1004
1333
1991
1543
413
605
129
1336
1113
663
905
1746
187
699
file7
1786
860
111
789
13
1061
1669
457
430
1606
721
1482
1009
66
28
1075
1070
1713
1653
1414
1256
67
371
1737
1755
1484
752
660
1231
1291
1360
1017
151
1471
158
164
884
1827
974
1666
1433
1695
1149
442
1761
1529
1869
1184
1242
1875
950
850
1942
1321
939
49
806
1691
710
389
982
422
1406
1486
245
1916
2
1481
1743
976
1148
1177
1023
649
1971
785
178
193
321
1772
68
1271
622
362
592
1561
411
1750
1604
1121
139
938
1895
1897
776
140
1813
1131
1622
1909
file8
107
1122
1438
1131
123
1761
268
653
1954
589
425
374
212
1399
736
1156
960
1148
1259
916
621
1750
1854
869
1648
983
1009
1813
114
74
573
105
1512
56
228
1626
324
881
1580
1265
1658
307
1829
1057
1043
986
17
543
597
1285
1517
347
1492
386
1995
475
1747
161
731
587
1162
1188
100
1219
1417
1726
1895
650
1513
309
317
1342
1366
1361
680
1736
256
1277
1021
125
1625
513
863
1972
1340
611
485
1929
1073
1444
530
1525
663
299
1603
910
1302
1613
423
1611
file9
1931
1766
1329
1644
798
1065
1900
76
439
378
1701
1304
1241
25
645
1852
511
926
1546
1584
370
429
1109
1385
728
712
296
30
325
719
1993
608
837
1323
252
1636
740
153
1712
1179
531
1765
484
1772
1790
1481
1977
653
407
1523
237
778
1952
1698
163
1033
762
459
1415
1440
1531
1761
48
368
1084
301
356
1824
806
420
1004
1689
185
1840
1461
328
1321
981
1728
1314
1571
506
1618
1621
1022
1003
384
1833
419
1364
180
1872
1733
1616
525
441
1331
862
796
1020
file10
1399
988
834
1727
309
624
1061
390
290
984
1248
1909
605
270
1264
989
104
1683
813
1468
215
1038
1553
183
1563
1995
1976
1247
1209
772
267
608
1761
1101
336
422
1726
1749
812
16
733
61
277
1338
331
1542
680
787
1577
1493
256
145
883
161
328
799
508
304
46
1717
1429
313
326
1767
1014
1964
1845
1115
777
1861
1848
1190
491
1538
1521
385
218
314
64
917
459
1299
1430
1140
98
1939
1444
144
1656
873
810
1982
415
577
1348
732
463
1509
635
663
file11
1051
1478
202
924
1863
420
1585
530
836
502
989
136
1933
129
234
1872
1926
731
1880
1151
1541
215
1919
470
1563
651
1244
27
512
1879
690
1710
487
1925
1665
73
455
853
927
1797
860
1224
1084
204
307
965
1356
1848
1532
1275
670
1095
1914
1474
438
145
517
353
207
1761
840
133
1778
1265
588
632
193
385
1973
1405
664
1197
490
868
1504
1807
224
1704
1339
1851
726
786
1777
992
613
567
1490
1130
920
1697
1243
113
1830
1374
1378
771
358
1571
1508
331
file12
977
524
1881
1819
1393
1737
1978
1969
1442
1669
1821
520
455
1950
1513
1068
518
1003
550
1790
700
1794
1903
883
1520
1634
6
1878
1557
1514
209
534
39
90
705
1784
180
683
105
1622
352
1926
494
1160
229
359
580
1099
1362
1131
889
415
1277
1145
1650
797
1656
1027
688
1170
1236
1575
1561
1679
280
1345
1859
1316
1451
1833
1668
1729
679
1180
310
1039
1761
1409
401
892
651
1168
169
148
818
1318
1279
474
345
1967
1997
1933
1894
1558
1964
175
1256
1491
1059
360
file13
1511
788
1040
692
1099
431
453
860
832
1697
353
218
1659
1171
1536
1290
1998
233
1258
1995
518
1504
1553
835
1679
1161
1010
1522
220
1723
1034
1009
763
78
460
1194
883
1320
378
580
1184
1083
798
843
255
686
134
605
1271
1744
600
1789
1248
505
624
1280
1667
1987
802
1887
1710
188
825
266
60
371
1501
1733
749
81
917
185
879
112
792
1917
246
1397
1188
342
349
1330
1943
854
1954
1575
873
293
377
1113
3
918
713
828
774
1199
1038
859
301
1119
file14
1776
486
351
1888
1278
620
487
1027
1809
829
1376
1139
1124
582
1445
699
1808
1739
1429
921
1742
347
1986
923
235
1112
474
1273
1971
775
745
1747
1613
1448
1636
1243
68
475
270
229
1656
1998
1720
781
581
1166
1832
389
1257
1261
1662
1351
1960
0
274
196
1113
749
1821
1084
1876
918
1184
1842
718
1172
1085
1647
1708
1368
1303
1706
1089
436
639
607
269
1380
1864
1882
1042
1215
1843
1395
391
508
591
564
1944
819
1835
1480
661
553
652
99
1692
651
159
1413
file15
307
217
502
743
857
1461
1364
237
1325
1247
1632
892
1090
1027
734
1833
1887
1677
397
183
497
584
1664
1510
1138
316
1961
1182
1320
472
595
1627
690
1449
370
1547
910
87
136
235
1334
1768
1480
776
1147
214
609
1386
1892
1358
1570
741
1943
1234
603
1433
1902
917
615
1222
1389
1563
849
79
1012
1572
1978
1923
1659
115
510
1345
1990
121
1735
557
1082
1121
801
792
1043
1542
735
277
520
532
1414
1488
106
1156
1051
956
1587
63
880
1566
1986
891
33
236
file16
268
839
709
3
1748
1791
1477
549
583
520
91
1671
1150
941
543
34
707
31
140
1863
1082
1448
1803
1498
328
1369
1484
1571
1402
685
159
22
1877
868
378
1625
659
1855
175
1595
727
618
1618
229
1559
161
263
619
193
404
834
1627
204
637
1125
885
6
962
456
1760
1647
616
1783
1524
1502
496
368
1677
1095
295
61
207
222
1940
1178
767
696
12
395
901
650
1520
1786
1008
482
594
769
1210
904
358
1047
1065
1860
1543
1785
1537
1986
880
185
47
file17
909
744
621
1202
1922
1389
1898
286
1784
1151
1288
1656
1289
297
491
236
1418
973
1446
674
1331
845
91
1544
740
1876
1081
1078
1108
1618
1477
18
714
99
1220
636
1488
1470
1275
1624
974
563
1280
263
1212
1771
851
982
1096
650
780
1495
1747
324
1623
1757
1666
1084
1728
1144
1102
442
1243
1431
1083
144
706
707
1118
1621
1987
1734
834
111
585
1816
1559
1587
1825
339
1924
1015
1671
1900
1125
1337
984
853
481
438
1295
76
1112
726
1159
1256
1866
727
1406
206
file18
813
592
317
1750
408
228
1338
585
568
421
510
1935
444
410
1060
1781
1746
1913
615
184
1561
691
1296
287
203
904
424
69
1631
1830
275
422
944
547
1182
1173
1885
1768
93
658
630
28
1102
1392
1441
1235
1138
1354
202
1322
915
894
618
1555
1097
1522
1979
1518
1506
161
146
302
583
1090
849
1765
734
867
1089
846
259
882
82
1397
236
284
719
1504
1530
1689
1411
979
1564
1390
850
1070
1551
996
1372
486
438
574
603
1054
1308
841
114
1053
1708
1899
file19
1968
789
333
1717
1026
970
882
500
478
293
1832
42
35
682
1464
1938
1678
1189
776
468
1763
1379
1874
1423
220
341
476
1929
1896
728
249
686
1413
1966
64
383
755
1298
884
1586
1943
1068
1980
330
1750
1445
268
1780
986
1396
248
749
775
123
172
1348
464
1001
1629
712
81
1878
1494
196
166
1304
1114
890
1759
534
870
89
284
667
709
416
1653
105
664
754
1233
1139
1279
581
1955
632
210
668
713
440
770
559
988
937
292
753
255
1534
513
757
file20
602
1425
1424
1312
1841
1430
1769
858
536
1002
349
1815
1935
305
799
497
973
1864
937
1743
776
278
1032
1565
570
1786
173
105
299
1314
1214
901
740
990
565
933
772
687
143
1309
41
845
1476
1977
1150
276
474
475
492
1764
1268
42
1603
1186
964
1389
1359
1421
40
673
635
1293
1765
1626
1859
1051
398
898
1546
59
939
391
1536
916
1893
164
368
656
1925
253
894
1463
1217
822
991
675
1847
1978
1968
1965
1956
179
1016
355
1077
914
766
369
1658
654
file21
1637
1551
818
1380
272
1827
1591
1563
104
1844
457
1567
1414
1092
389
405
1767
588
383
87
553
340
267
1921
1047
1696
836
165
65
846
820
1703
397
1638
1083
1021
1465
1027
584
871
1393
1488
285
485
229
1042
604
1778
1044
1723
470
1311
1645
1517
1007
833
34
1073
1679
854
776
428
493
211
1450
310
1238
386
462
1780
72
1099
617
654
142
1222
1824
1920
266
1547
390
1929
1192
259
936
377
293
361
408
1500
1489
837
345
53
639
1643
1025
105
805
16
file22
1205
1775
670
1699
1349
494
1619
1967
393
361
1896
1938
972
1184
315
1617
1898
724
1117
1387
1913
1462
1440
552
470
1084
1929
413
1541
1087
429
1098
862
1099
797
211
1945
768
178
339
1481
426
277
453
1610
592
423
1508
1668
1540
896
1581
1355
688
133
177
124
415
590
18
1502
1020
1116
364
471
1914
575
417
1034
1105
756
516
1531
1385
1321
1141
1977
1744
1002
1646
1637
250
1579
1344
938
65
1521
1415
480
463
1433
1982
1483
549
346
307
815
1273
1850
730
file23
1832
718
261
1217
39
1754
1546
1784
1108
1544
1421
1358
1124
765
649
1189
638
64
1669
1101
1849
3
937
398
701
1244
1566
326
320
1768
1056
152
486
1721
525
1775
1267
309
884
1164
82
242
288
1199
1243
1829
189
1307
1498
1291
1508
1853
580
259
554
176
1825
880
496
1593
1000
79
1957
1073
956
1732
340
1618
616
1504
1700
1211
144
1252
454
1973
1441
114
1823
1084
1622
1676
1664
1881
582
1840
1706
1462
688
1651
1750
1688
59
761
1039
1792
1454
657
760
1310
file24
709
1971
1455
1961
426
1780
1755
540
1604
839
162
1280
504
44
1863
696
102
1677
1385
1754
1425
188
1839
539
1227
1631
1993
236
744
1655
1298
715
1110
1259
1493
891
1014
33
847
206
548
479
1062
944
694
1758
1398
372
1495
1504
921
1693
343
1460
1272
327
1805
1509
1071
1812
807
1786
923
418
166
1785
1665
1365
1991
565
1844
1405
1861
1163
1260
1263
659
764
1767
1932
809
110
1744
82
789
1901
1943
1860
1713
1102
1999
988
1872
1506
1657
1648
871
0
214
716
file25
1405
75
1607
921
1687
870
1580
452
989
1864
1261
1099
1608
1695
1889
1509
1638
101
1574
1092
100
563
965
83
69
974
1732
941
975
1946
1657
732
373
1616
1653
61
486
1585
865
1475
1801
478
926
1409
526
1167
1270
516
1269
845
1609
1721
1408
574
1805
1477
1548
1537
770
875
1835
779
1960
560
395
1965
973
1233
1551
1838
1060
1704
669
1987
1114
1195
1506
736
1711
1127
1581
1320
1201
1341
246
1006
1171
147
895
1941
1374
1082
721
1334
1642
1116
1300
968
702
1203
file26
806
1762
907
1827
1749
373
1022
1608
1110
734
735
1043
406
1936
385
1005
1294
1908
1152
541
1849
526
1623
922
213
1618
391
1513
586
1093
716
1744
855
1975
1572
957
349
594
565
1459
1680
1652
854
439
1589
1591
1444
1235
1499
596
1777
1349
1474
1400
623
1687
1370
1014
1552
1956
459
268
1701
1315
1273
624
945
219
1541
756
252
1193
1962
691
1134
1554
135
370
1053
1083
147
754
557
1899
1378
597
1270
744
149
1226
1204
770
1279
871
1366
904
1847
663
1476
1388
file27
1771
1728
581
1733
419
68
1287
554
438
693
1989
585
1447
546
484
1177
1495
1754
1922
1645
1333
1478
415
612
701
133
1869
548
796
1345
288
567
1073
1221
652
1492
1289
1940
398
1727
633
387
664
432
1285
1149
1610
781
1255
1884
426
940
1714
1193
1553
767
1326
1774
1315
122
1119
1603
1041
544
1176
1693
36
466
1985
786
193
970
1173
1210
1403
810
359
1365
1591
1966
1601
369
907
1562
812
82
888
586
1749
1362
57
1704
755
601
880
801
989
1346
1775
1892
file28
109
1300
1102
1864
110
1813
1229
54
131
1182
423
1038
497
338
202
931
1578
1140
1032
941
1197
736
1696
1798
1968
1139
1667
1636
914
1911
1745
566
1365
1609
677
1178
1190
1083
1661
372
1858
700
1221
196
1254
504
1775
395
1536
1068
1592
624
1116
1743
944
1966
882
611
1602
149
874
1699
715
239
1660
1744
1769
850
827
1431
1574
686
483
795
1737
1651
1009
132
1187
77
163
1546
172
1107
1512
1406
71
1466
1555
945
1165
623
1185
1177
367
954
379
1195
737
1953
file29
233
1220
1100
1115
958
751
477
1442
290
554
1871
453
100
43
1560
1964
1450
1631
1430
1357
577
947
1980
114
124
348
1420
503
1895
158
456
128
1378
1908
1243
688
659
72
483
949
979
354
1754
1431
750
1315
1396
552
1298
826
1909
1875
1774
1890
341
1898
238
1762
754
485
1920
1562
613
1650
1471
208
691
130
281
1526
1432
1260
232
1186
982
853
87
1534
152
1266
1796
379
1392
1686
721
1642
276
835
396
761
1107
1959
1374
757
1582
1800
1912
1863
1678
1696
file30
1475
1911
1235
167
1245
88
606
1132
592
224
928
1324
1616
614
397
1259
1242
1232
1655
3
339
1966
1729
1448
1748
1663
1249
13
1879
927
1709
1354
1190
944
1873
436
1385
480
1568
1977
704
848
1653
673
1462
50
1932
1056
1282
1939
1411
1621
258
1492
1422
6
1155
1023
19
1034
302
741
1493
1025
281
762
1446
1849
1092
503
697
745
1176
511
796
1460
1919
430
1751
1330
52
9
822
1826
16
849
387
1364
1151
468
457
644
1494
1071
925
608
870
1126
1700
1725
file31
175
446
1253
686
1594
713
957
24
464
287
428
826
1461
254
842
1791
1103
1581
1155
255
50
1612
1251
1896
1035
177
504
1905
1655
205
1982
1831
1003
1235
869
597
1948
1827
973
765
114
1402
1943
1576
1656
785
1367
1112
718
874
1719
768
838
970
664
1873
1147
1521
131
803
78
113
986
1081
1349
1855
30
1649
1682
1355
766
149
757
709
77
1846
1444
230
565
670
1949
1685
1508
919
702
1733
419
223
216
1574
301
330
560
1734
31
415
116
32
98
1471
file32
1151
599
229
212
676
1347
59
472
1577
976
1142
1526
1013
1002
445
1715
735
1216
290
952
790
591
1634
1350
677
17
1766
793
401
216
265
1552
815
846
117
1491
193
528
1963
122
1856
1457
1648
869
459
937
1546
1662
1227
850
452
171
484
155
848
853
1921
1642
1255
489
259
1159
1656
1276
1147
1650
1804
1462
124
12
919
882
1730
569
1819
583
1046
127
1388
1217
963
1543
418
1817
1816
412
1424
657
671
935
313
128
564
1812
130
720
1626
606
733
897
file33
730
1615
627
1651
1786
255
235
832
382
1975
402
1698
1870
1172
1867
1686
1584
1291
343
607
578
1008
1087
1142
820
1569
1863
446
175
596
1343
905
563
1970
556
349
577
1143
1533
1312
1470
287
1010
1340
1459
877
1026
1043
520
1721
2
1450
729
1089
593
1901
658
456
347
833
1404
1690
90
1967
12
999
316
942
142
201
254
1613
489
1264
1305
1948
493
332
1344
1365
405
1346
1167
1487
788
1760
1388
1446
568
1736
632
1972
1778
722
291
143
1085
216
1161
1691
file34
181
1650
1307
1486
1598
152
170
1294
1869
576
641
1036
63
1781
797
1803
1227
1717
1539
211
1690
1670
934
333
165
1007
941
1602
1223
454
1293
1404
104
952
891
1702
1104
1061
1349
973
1989
342
9
404
123
1158
208
1350
876
99
1914
918
121
848
1251
286
1855
544
240
1431
998
1533
835
1102
485
78
1157
1941
1492
506
914
1481
1276
238
971
434
446
673
1662
897
587
580
1019
1787
1832
1305
1995
376
1898
1426
1727
1783
613
829
621
1044
1986
562
536
844
file35
1829
369
1692
1105
607
1015
1891
1405
41
1554
303
628
486
1674
768
318
1331
763
1047
1229
189
774
1013
1154
1955
1634
198
294
196
1086
1138
377
1456
1183
1482
415
550
1726
173
591
1280
828
1220
1766
502
1988
437
1833
1103
1836
1063
1292
962
428
798
917
62
997
1211
610
83
702
988
237
822
659
787
548
1184
1379
1828
12
951
1947
866
939
736
699
394
572
114
1686
1534
542
484
803
956
367
1567
269
1069
555
160
1306
1377
1171
93
1926
355
1824
file36
106
719
775
405
1585
66
1141
285
460
1713
751
498
1247
1294
1335
51
250
1168
770
169
1437
1839
1076
1950
1497
806
1121
1942
732
1477
1767
1190
196
894
1596
134
961
737
771
1421
803
1522
272
402
1607
805
1771
1575
1940
213
1766
1017
163
1263
1823
1636
1206
907
1113
1325
449
1662
219
397
1796
1180
1487
919
954
290
441
1226
692
1610
833
1850
1381
1960
1425
1673
525
1192
690
1040
455
865
677
13
124
1790
1690
574
1804
1910
971
1952
1442
458
871
748
file37
748
1665
326
1793
1275
1511
1643
1008
1472
1420
1033
349
612
76
1390
941
67
1785
1066
209
1476
1640
14
1738
963
318
1532
1422
1542
281
522
1207
959
315
834
823
310
1842
647
1731
1227
996
695
1303
386
115
245
453
1901
1663
1015
1729
1655
1381
1467
618
1699
999
40
1241
1632
915
448
944
1230
1282
1767
1893
414
1624
704
1410
319
359
149
787
956
954
688
619
1969
769
274
1350
236
1245
1050
1587
1637
643
1572
552
1444
516
135
726
283
28
555
697
file38
4
1611
459
675
1970
608
1462
927
1915
502
1898
1884
1271
173
1235
1859
1770
637
1447
1407
1632
1019
1960
1076
1535
95
155
170
475
1062
1219
479
673
1678
1506
995
639
969
274
554
1823
790
1095
698
377
1306
468
1366
753
1875
999
124
187
427
1659
282
934
181
1109
1996
1400
1588
1021
1431
369
422
416
643
1328
239
1168
118
1686
1866
496
993
686
214
98
914
1565
223
1101
1993
234
1736
845
1276
168
786
297
1599
233
1018
21
649
1662
1701
1240
1182
file39
1820
1279
1049
668
624
87
882
722
1001
448
1297
103
793
1532
191
72
300
1036
1348
468
174
1998
420
407
1016
1408
1030
495
649
213
667
280
1614
1687
904
1701
569
1978
703
1369
1628
1158
514
1512
587
1812
1089
1935
632
1264
285
1052
1671
1302
198
1080
332
1045
81
897
1712
713
511
1399
1969
320
1947
1268
42
1927
778
556
1439
479
1495
1251
1568
1783
236
832
68
1640
856
1722
1838
288
55
883
369
952
947
1434
1816
346
1403
29
1702
1061
1630
427
file40
1617
1069
906
1465
673
826
1248
909
11
1316
549
867
1039
740
1155
1446
1623
1876
750
571
1662
566
1269
1065
595
288
767
244
1349
397
1023
1319
1467
1929
784
140
1108
32
1401
1119
1700
1950
338
739
690
1845
537
666
73
1288
1589
1735
1854
858
800
802
1147
1919
1398
848
669
422
167
136
703
1303
628
1811
1687
29
1282
1388
331
1972
479
1374
1817
1017
40
242
657
1629
1977
863
839
1129
1665
1416
1187
70
1838
1706
558
541
1010
1538
705
697
339
437
file41
250
312
917
1624
481
286
16
724
943
1645
1053
1806
837
535
1472
1175
288
888
362
358
1078
69
916
1971
1431
806
676
128
725
1368
566
975
1680
1835
952
513
121
968
1589
1064
966
643
870
1803
1530
694
978
1818
1934
1693
528
1012
1762
1796
1336
1545
602
364
25
1327
1732
654
1764
778
1606
278
899
927
1867
315
1893
862
1538
48
744
584
1378
914
519
1071
1442
1883
1185
1238
1219
730
192
1584
756
1519
1668
1699
526
1433
478
132
1711
1729
1411
1930
file42
45
1656
793
1935
1704
1889
519
1435
804
1038
506
598
1274
1692
1837
845
422
381
781
1530
253
450
1230
779
1883
60
1263
1946
1789
675
228
186
683
1373
121
740
641
175
67
31
681
665
1657
725
854
855
1148
1236
1636
678
1841
438
260
620
673
320
235
619
110
910
848
648
221
770
686
1836
1763
861
1903
146
1894
921
156
1775
1011
120
1363
647
798
1556
1086
1411
176
1759
1731
764
731
193
26
1931
842
1972
504
1964
658
341
1727
1871
244
225
file43
1766
1517
381
386
1645
1392
506
1360
40
1656
917
1478
1067
1445
1589
1151
209
320
1344
236
251
186
208
756
150
867
1097
229
1090
1693
807
856
1211
1188
1594
581
100
216
973
109
1133
803
1528
931
392
679
1140
1065
24
1376
1316
562
1585
424
804
1873
1646
1894
1567
453
1103
1130
1642
697
338
575
1150
554
1900
1259
1055
787
971
1447
1819
463
512
1843
1840
181
757
1425
605
1822
831
1469
827
750
1922
1930
1880
1916
628
218
843
1778
1124
743
1389
1516
file44
1798
528
839
1598
347
1303
110
542
1143
643
1300
920
1601
1122
1853
432
943
680
1182
1218
611
1414
1134
1591
1984
330
1721
1108
1073
1110
977
1224
1638
168
822
1986
1471
1284
966
1928
180
238
1881
1655
91
665
598
772
1847
1735
1613
1326
1597
1985
1047
1057
1058
509
34
634
147
203
1456
485
26
741
1366
1345
1021
1546
1583
1254
1201
27
1919
152
1151
1766
320
886
1379
1975
564
1328
312
1963
385
1723
472
357
971
1327
1814
1809
1705
907
1175
1050
280
986
file45
1534
275
1013
1453
779
164
1571
1451
1402
1302
1779
1966
630
91
1929
1367
1814
401
139
172
1724
1466
338
1533
1172
1597
708
574
1877
134
1560
1763
409
925
1216
1540
1089
787
991
491
441
770
457
1071
1214
738
790
1028
1139
930
1552
748
1890
749
272
1839
1810
847
1716
1944
759
1479
705
1685
1047
245
1126
186
1588
1618
627
359
427
50
1573
1166
841
953
657
123
506
225
871
975
1496
588
785
695
656
729
1454
136
1434
1491
1535
31
618
1722
1619
701
file46
1978
1367
1104
1903
885
1945
857
1895
420
1715
120
1643
463
1095
1139
1403
232
1834
60
961
1641
548
747
1484
83
778
454
157
398
1042
1211
728
762
315
984
1647
612
1841
1894
1032
1908
15
675
723
1462
1815
127
1695
1
187
1008
1994
735
108
1479
1170
886
1933
1328
1636
539
365
442
1206
1349
89
1818
1542
336
850
1450
351
1525
173
165
1692
652
212
46
839
1221
40
1926
1329
1871
1097
567
1805
777
556
1485
1668
921
1927
874
622
368
1044
516
704
file47
1894
318
1407
1771
843
1573
1816
1496
1785
1862
687
1358
254
614
1039
126
63
1959
283
1192
515
120
1212
1788
47
438
410
767
1482
1278
1824
1728
1596
1231
1499
791
1156
1667
287
1294
1529
975
652
136
1941
44
262
356
3
897
1548
518
1017
1112
306
1416
1550
1068
183
1384
698
7
294
1591
963
1085
747
631
1725
41
160
1052
1046
648
993
1090
910
1701
1445
1807
1601
315
1176
713
973
592
615
776
1999
1091
1135
1463
1385
726
426
822
1826
1057
899
219
file48
1570
1951
1265
218
1296
707
1481
997
152
1640
598
467
817
1663
1440
1409
278
1833
537
629
924
25
92
661
1103
519
1836
929
1928
735
1149
1498
687
766
69
335
1474
1550
1333
1626
1190
283
446
359
299
1886
121
577
72
1010
1559
1348
1035
3
10
491
522
198
1420
803
933
921
653
1972
1688
722
660
1514
624
1993
1140
167
628
1586
526
927
1825
999
1857
249
1416
1597
1397
1419
1959
1888
294
157
1661
1449
1443
582
102
1767
622
1177
427
136
1801
772
file49
1629
1968
1753
1567
847
680
1744
1846
889
1993
1856
657
1943
1254
429
1902
1494
1075
412
1155
524
207
1738
626
326
712
1803
754
849
1957
1878
830
1925
1631
397
1124
664
142
971
1553
135
1179
563
430
785
992
333
280
67
1097
1435
591
1656
1525
1569
1982
590
1725
1088
1439
1682
967
269
1959
950
1018
1084
1614
1160
407
1520
1648
1586
83
78
724
763
1356
212
1143
437
1868
669
6
1851
1611
1291
1402
1765
610
1671
1561
1041
1161
1527
202
1568
1047
1850
1506
file50
1482
280
230
909
1044
1938
403
1256
1082
840
1477
103
847
1328
1714
1282
971
1116
1048
1582
1139
1125
1143
180
638
670
382
206
70
584
64
1552
865
647
462
261
585
1217
1517
1667
58
994
1770
1257
674
1484
539
1646
600
1939
1580
1739
1064
723
1920
1702
1745
654
260
167
1239
325
1720
456
1324
534
717
1909
1751
586
1929
161
1933
1699
1418
607
1536
310
605
488
249
185
228
1314
1260
500
1368
1358
1506
1629
1525
1097
306
1597
1553
1982
483
622
1891
587
file51
1209
172
748
1494
224
167
101
1760
477
1059
248
726
1596
828
392
1680
113
919
1187
94
444
284
400
394
190
734
877
1164
625
1816
373
1150
565
1867
1374
1084
321
1134
1913
1732
1734
991
1328
563
1736
889
595
1849
1808
1782
1943
605
419
695
999
609
1429
228
1773
406
45
499
1556
962
718
930
46
1391
64
311
1123
151
1302
804
714
1038
1693
1309
887
1854
1444
1182
459
1863
1877
1810
824
1306
38
949
1713
435
1448
1269
1749
519
552
1795
1910
616
file52
458
1386
767
1761
190
1833
1151
235
1495
39
441
1291
1573
900
1154
1451
710
1978
757
1101
1279
822
1888
728
92
1638
1247
996
1785
1509
1612
244
895
732
357
1437
917
1508
25
764
1899
466
55
1473
1719
1209
924
429
1539
33
1882
819
856
1771
1300
1498
296
1546
1359
260
142
607
1344
499
44
262
8
421
1378
259
1240
1434
1732
959
995
1008
1740
887
1042
1623
58
250
1746
1957
1550
1507
1807
1846
1405
1166
1548
1773
1803
47
170
417
407
943
1795
667
file53
183
1229
751
1142
225
112
1235
1112
1154
1210
1170
1404
956
1479
1306
815
1286
1152
220
804
1610
1768
578
1765
168
1100
182
927
43
1978
1946
227
1207
698
1721
1432
1162
896
316
518
418
72
1474
1897
1378
641
1535
882
862
340
492
982
1270
610
1502
370
792
782
413
770
728
992
1778
1066
1762
940
374
1011
1608
893
1429
1680
719
1679
1058
1361
1566
1940
575
258
785
1909
1528
1395
1412
250
187
194
1016
1310
1274
8
1288
1053
1074
1402
345
1449
1954
694
file54
195
1634
1413
1874
1045
1126
1792
985
1701
51
122
1611
1579
1517
1375
182
57
1921
1198
1367
1195
1558
1007
600
409
946
786
1175
1252
1480
1370
886
1245
1596
1931
372
1388
1269
73
1439
1391
36
1371
1261
1411
1553
1670
1332
1103
1037
880
661
396
1832
1646
805
1130
784
1980
382
264
1702
1510
1650
1552
1882
1039
1173
307
830
565
344
201
178
1755
106
1848
1440
1209
885
672
223
1281
504
221
438
1987
1006
771
369
1622
825
1990
1484
476
1895
1366
1515
1068
26
file55
345
1633
370
899
1811
125
1357
11
1917
919
896
941
1142
529
1798
1715
1320
1785
1073
91
154
696
1268
497
180
1744
392
1899
1259
1460
1925
1957
1446
295
1208
1609
772
565
1621
1042
1836
869
1983
978
1751
1781
1046
1423
1566
119
1514
73
815
1134
922
1348
879
1314
1599
490
1126
1524
799
924
171
7
886
1295
925
507
337
1113
1728
321
444
1831
454
1490
1254
373
1120
446
777
255
1368
477
1034
76
1976
512
1952
776
1437
123
1135
323
1418
412
1182
108
file56
1526
1262
781
1970
1446
1235
1812
700
1608
1421
1821
406
550
428
126
1027
1914
1160
1455
1890
25
1407
1018
1462
1882
154
137
1301
918
1671
1761
444
1285
542
766
731
129
578
1432
1738
352
1605
144
1254
385
623
634
299
1783
89
541
1808
1849
1560
1622
1731
66
111
1384
984
134
1145
1781
1420
39
899
503
169
1478
287
1907
182
1892
403
1788
629
1026
422
1280
1162
864
1822
1322
713
1734
1297
1800
1760
181
1136
1895
1326
917
1667
1366
170
1887
1647
458
146
file57
181
702
549
1969
1684
1928
744
964
1442
1608
786
764
673
872
413
1117
1024
174
1650
161
421
1329
1430
88
1047
1599
610
934
1598
1420
1080
131
475
1981
101
159
1909
1197
1123
1351
805
262
468
1478
1134
881
947
1407
598
672
1828
1927
454
268
974
54
879
260
4
651
1340
136
1126
1321
589
1637
1583
1786
761
1286
943
1375
1754
861
988
1720
1372
395
670
44
224
949
851
492
275
905
1723
535
1261
375
1875
1749
1853
1549
338
1843
1132
476
604
418
file58
1419
331
525
1840
1192
1513
1913
917
260
583
1313
484
1533
164
1329
1808
1421
1052
696
683
1779
571
432
1985
120
1123
1828
1604
1599
784
23
1019
1467
548
1211
1011
413
1476
1928
673
60
1242
1510
1945
1406
839
105
828
243
801
1863
375
1725
295
712
197
1770
540
1802
1370
1676
1825
741
1143
725
1952
154
1490
1429
435
515
1841
1677
25
138
1083
1216
595
263
1460
1397
126
187
1474
774
899
1671
544
1791
1473
266
1819
1650
1007
962
727
1312
1468
217
1093
file59
1903
1085
1286
1580
1110
1424
1016
327
19
1631
139
1768
1758
678
1242
884
1577
1266
1428
1720
739
1695
1539
390
1054
853
1469
366
321
39
1811
577
1124
1097
509
234
873
1525
913
1245
1157
1404
1013
1267
82
608
151
1659
1874
1931
1731
965
1626
1270
1707
1033
123
1177
1751
797
1216
1563
1374
340
1012
1883
926
1886
1761
1840
1131
918
1596
496
537
1679
1456
688
1690
1682
619
1422
648
598
692
355
1168
1884
1734
1965
1100
1297
1691
1792
662
1574
719
548
1335
911
file60
31
605
507
527
1142
186
336
1830
1877
18
802
1651
666
1400
695
1374
1383
1863
1258
1117
180
359
767
1871
503
1429
1798
1222
329
1133
485
360
91
1345
1239
1233
1531
1575
1416
1760
1594
218
1763
612
1970
459
1986
1705
674
1245
822
855
1956
1941
1078
1722
876
1682
51
362
519
411
453
1864
3
38
1748
1578
1806
1860
1524
376
1624
137
346
435
123
1109
1368
1226
316
1324
1167
1395
136
1242
623
170
1293
985
689
57
1790
554
60
181
654
1990
1987
514
file61
1515
364
490
4
710
925
127
1114
35
1848
340
351
1524
1859
98
1660
1101
722
1830
747
59
872
804
1850
1778
1216
31
432
1206
370
1298
1073
734
1789
1077
1797
714
1557
911
749
1757
1603
1453
1281
1814
1551
1294
1268
273
1124
15
333
1996
1171
535
1774
387
918
558
1945
1288
1857
1371
23
1646
800
1820
360
709
1083
1462
466
1038
915
1748
1204
818
1394
472
1092
518
839
1777
867
10
312
993
1230
1552
1047
1761
770
893
1407
1570
1065
119
280
148
1581
file62
1098
1538
848
1198
743
1667
592
1567
1111
1463
407
888
330
769
1552
1675
1871
1134
1579
1270
1652
1340
40
898
1099
1962
1963
1219
594
464
1152
1693
2
353
891
1097
372
1836
665
1483
1299
1424
723
1629
545
275
1656
416
1409
1236
38
1413
928
78
311
28
393
627
1599
987
1091
1103
1032
1093
1456
276
543
1828
112
1208
1663
1411
984
738
1392
1529
1365
1048
1946
1126
636
1984
540
1565
415
1203
1945
1160
1830
1544
147
921
999
1532
367
456
1808
910
1920
470
file63
652
1683
1454
1390
1075
983
756
475
1281
1882
1112
1618
774
1029
385
1978
974
1545
160
870
44
1434
1869
1576
153
677
1736
1415
1314
8
1885
1966
1691
1356
1118
1026
112
1594
660
347
706
630
1121
1735
1367
1451
1061
912
1612
1931
1308
1398
1800
1237
1551
478
973
966
144
1334
1203
462
1025
1246
1818
496
624
283
90
1636
982
796
266
103
883
1633
1907
1944
897
1871
227
206
1269
379
1443
1172
1209
768
490
1353
102
1693
1815
1480
1291
1986
1976
267
621
66
file64
1904
1603
1214
170
1706
449
156
1613
745
1053
1484
972
1259
1105
1351
1054
277
913
1823
767
618
812
434
1757
455
772
85
723
1393
503
627
996
69
1149
518
1305
1020
1615
359
856
587
1618
1962
291
1025
239
1556
848
1359
174
1477
171
960
1587
979
1732
1672
1702
176
329
473
597
1478
1880
1468
784
900
1083
1495
108
1671
1465
70
314
490
662
1870
1690
373
44
1168
544
1357
755
1875
1089
427
1577
567
955
258
1392
1905
89
1272
1373
1225
524
456
720
file65
633
479
185
1055
1145
676
1717
1367
366
90
1764
1534
987
1121
641
862
210
1421
792
777
728
1050
522
1491
1794
6
716
671
815
1436
1304
1294
1974
359
650
429
159
1368
871
1923
1255
1858
1044
1896
1073
1669
217
384
398
1267
1258
1031
1111
1053
1390
1827
76
557
1264
1380
1851
1238
91
643
240
520
1155
1960
1744
1078
1215
1954
123
1464
1379
1730
1133
1596
466
1531
1216
1725
915
327
1130
657
154
1206
1214
1770
938
1417
1360
1029
61
1952
1902
1568
1913
1998
file66
646
1128
1952
1121
592
1332
851
1726
928
1670
1609
144
1747
524
471
877
1181
978
435
395
748
1373
1813
461
754
226
413
1008
1794
326
1006
792
1455
959
1914
399
291
1117
477
1571
787
87
1716
886
963
539
1763
145
1869
550
892
618
1923
1057
1079
1030
1635
1492
38
1781
171
1045
574
1626
356
840
377
999
309
855
570
1097
1294
638
335
257
1178
99
1047
649
1999
17
925
1056
1448
1955
1044
1293
345
825
1464
1742
1751
1442
98
943
1819
1449
1253
1026
file67
20
702
320
658
1037
930
188
1488
1684
1588
490
1683
1957
1415
1092
1406
1722
136
699
419
1313
515
162
1065
612
360
128
62
1613
1507
434
315
1827
1444
1353
1109
1985
1193
794
1573
829
1530
1098
1921
1288
1172
409
339
1592
1723
1206
1754
1140
1163
718
1500
1644
780
1114
1151
1566
1781
1330
1011
1486
440
996
680
1586
921
363
415
803
1814
689
92
1338
783
821
1990
1036
1961
1505
1755
1501
887
928
652
454
1061
335
1817
548
1127
1165
1580
713
86
295
1480
file68
889
109
169
1333
1448
1620
469
730
441
459
1767
755
316
1874
569
1818
761
1849
822
1567
910
1157
1736
1810
636
901
1742
1701
987
38
1182
229
147
1703
1562
1947
1323
383
678
117
842
797
872
1511
671
1793
1329
1784
1642
503
1704
904
13
1440
1067
649
342
809
351
1681
847
1885
1910
1347
1588
1825
1294
1264
208
324
1381
1403
1473
605
914
144
398
595
281
392
1450
1985
1296
1463
1425
363
113
119
1173
816
1801
372
701
1711
1719
641
1888
1366
257
449
file69
42
1990
1852
1516
595
1118
12
1345
65
293
1737
1515
278
1386
979
56
1749
1444
175
1274
260
1976
1647
1313
40
1366
306
280
1084
916
729
1127
906
581
643
1854
51
655
1199
116
1301
1289
1632
1931
675
963
1987
776
407
515
1019
843
50
684
883
1768
990
853
1906
245
332
1165
1179
975
1582
1982
570
1699
1635
1859
1683
1567
886
646
1554
1663
1405
421
66
424
1265
468
1108
500
236
450
16
1441
709
614
1773
1874
1793
1100
893
1727
1083
1815
1426
1070
file70
1675
1461
637
561
107
544
576
1864
965
994
640
230
1462
100
731
51
551
1099
1492
1612
1713
1618
1486
1858
718
1586
153
546
1012
1224
573
826
213
1487
933
757
63
1150
75
1410
1790
657
872
1891
1388
1275
794
488
1120
406
553
738
244
412
1808
975
1998
1962
1873
1362
1538
447
188
1751
1934
1474
861
1997
624
936
1759
766
1593
632
1334
259
1451
174
1379
209
727
117
453
1491
1926
1428
1489
240
1654
1204
1778
101
1392
1529
35
1218
742
384
194
1678
file71
144
961
1624
1128
1970
1310
1387
1774
1484
767
1983
563
1236
437
55
1514
217
1896
1754
1871
1452
1532
324
1197
1414
359
415
508
744
962
187
1240
1923
163
368
1893
1473
107
19
1309
874
3
224
463
792
631
1977
1361
880
1732
1585
332
1616
1909
1529
1382
621
297
1891
1717
1259
430
957
1182
593
1677
1427
418
1784
1447
79
1011
1802
303
1474
946
935
1451
659
167
1535
244
499
1152
506
29
534
1479
326
425
1196
1937
1207
505
1119
1800
898
570
318
697
file72
649
1681
851
1305
1155
1797
592
959
457
759
494
1053
1258
1998
1911
1639
533
1390
317
1310
938
254
518
1443
1725
670
1977
624
1241
648
1673
242
329
525
1547
1837
322
139
796
1131
898
1642
537
509
1641
448
148
526
191
818
188
1129
1072
1058
925
1150
1729
902
126
1322
1902
1799
1564
232
676
1112
69
1351
1251
1217
482
150
1211
1371
1011
852
1820
1159
1730
363
1919
1492
1402
977
417
904
1672
1030
380
1574
1181
1945
158
1858
1057
227
1209
660
1796
43
file73
1162
1008
1767
173
212
1939
1685
1943
302
14
214
1794
1768
1191
564
672
250
588
54
982
162
1236
927
321
1446
336
900
1007
997
1049
1402
511
57
1169
685
621
1108
370
1410
736
1130
1557
505
322
473
1177
924
1061
1232
1906
1223
820
1186
1896
266
1522
797
1625
871
198
1027
1383
255
197
420
1228
1657
1142
145
1068
1878
1275
977
383
1597
1450
1913
873
1145
780
86
317
318
1983
583
1840
1132
560
1064
1330
1587
799
1937
136
1219
1517
713
1662
1214
591
file74
938
543
1327
887
1993
1240
1761
856
737
893
1294
1054
1211
1629
1989
1403
761
901
467
443
488
1266
732
977
837
250
1123
1550
1912
337
494
850
1232
173
90
1577
1765
1851
433
502
744
79
1908
307
1709
249
1710
822
1150
178
1990
1796
350
967
634
952
536
1217
779
1382
419
11
1555
509
1588
1320
360
373
174
1456
453
434
1763
162
1035
1474
984
185
4
602
176
1800
1305
1495
786
257
1938
1323
717
1057
1894
1081
613
403
1021
285
1116
1395
812
572
file75
200
1246
336
362
282
162
1698
819
518
653
1347
318
1958
843
1457
567
1133
1132
394
1850
189
288
931
802
1043
305
1440
159
1700
252
732
1900
1420
614
132
1934
664
1304
452
1669
651
1122
1979
1846
579
547
979
1711
941
1182
1901
1581
465
1055
624
770
495
1136
822
1099
220
722
950
1640
1688
1434
1574
705
738
378
374
1742
1500
706
1940
80
1253
920
1791
546
454
44
479
919
1452
1455
1690
1947
591
512
1047
811
1587
349
803
1627
1783
729
684
874
file76
1107
1411
616
960
117
556
1040
1722
1828
1183
620
282
1580
1099
1202
1032
554
1244
979
1498
108
378
661
1695
1079
1465
1675
863
546
359
89
6
122
705
966
239
1613
1961
1442
1541
933
76
1121
32
1630
153
939
874
1485
789
983
215
1450
1030
1647
1267
1057
862
1814
1769
951
172
1891
8
1138
131
1621
1144
444
1415
1037
1378
1844
159
1762
1474
664
1053
701
501
1842
1684
1069
1645
1066
716
1264
476
1578
1078
245
529
1250
136
537
740
619
510
236
1064
file77
278
1274
794
122
1785
908
1596
449
314
297
1303
508
333
372
153
1752
1088
1418
228
666
848
825
1547
451
961
436
1191
1933
946
1428
1349
1224
1054
495
1346
839
1403
1295
1640
1717
1944
943
578
1667
731
382
755
501
610
1773
1702
1787
1320
748
108
1696
1033
1055
1476
631
530
877
330
1369
633
1625
1362
702
1569
305
1280
199
1973
364
581
1080
1217
1543
854
919
1330
526
1424
431
635
1473
1464
42
949
673
1480
1076
1355
1201
1709
980
563
412
902
1221
file78
44
1453
1546
408
35
626
1626
1930
1832
897
1261
359
322
1346
1795
1860
1740
1096
59
413
576
1136
1769
130
1197
1101
1045
1961
355
266
358
1809
1812
766
1844
439
744
126
271
1642
1387
982
316
1783
680
463
1644
420
1559
1703
1186
488
1191
1307
970
741
15
702
1116
282
1060
925
446
179
1121
885
923
1247
1509
917
987
843
1233
770
1524
48
414
296
1608
470
1482
448
1661
789
1418
402
1550
1433
1457
666
67
869
1943
514
1048
1064
1751
324
663
1612
file79
1241
1650
456
827
773
332
1227
1539
628
1187
9
463
1635
23
1604
1405
777
1154
839
234
172
1258
1104
115
1772
504
1179
1524
828
195
1488
422
1845
1944
1601
618
510
1609
16
519
424
3
542
28
1409
1672
1183
600
1906
1355
1858
1362
1823
1631
1867
1002
1507
1047
1197
995
1821
1395
1292
1422
365
272
603
875
1881
971
1747
657
974
641
686
735
313
1869
1335
572
1576
1194
1934
1399
825
153
754
684
1553
303
31
1374
50
1323
1149
768
1948
104
1643
181
file80
1075
1742
839
401
384
1525
1489
697
1746
824
1269
1322
18
1556
1074
1195
1709
180
231
1262
835
263
989
886
1586
490
1654
1886
594
1649
68
21
1392
907
774
1776
432
825
178
1088
447
1852
1458
3
926
1006
64
1237
1679
294
1500
1020
1532
1439
1510
1538
1325
104
1187
1393
477
931
300
1251
707
732
1867
1885
955
332
1115
765
687
393
1771
751
1009
782
498
861
1802
30
1312
1568
1978
1768
755
1371
245
1687
24
1849
746
1108
1716
983
371
1023
1667
1486
file81
1788
354
231
1912
1458
83
1273
240
581
134
43
963
787
1707
531
765
1476
1639
488
73
1678
512
1922
776
1621
1990
1760
1992
1013
1427
1830
1154
413
1418
1592
497
691
184
1430
1177
227
746
1964
287
1629
1081
1763
1268
1570
188
1298
82
111
427
1703
101
539
47
1467
318
229
973
452
643
391
396
1492
1082
1274
259
808
20
576
1447
1650
1657
1562
1270
1227
1751
921
1662
214
1348
1365
315
1887
1765
205
1994
1107
1010
637
1498
1406
481
932
1987
1756
1544
file82
1148
1776
120
595
1778
129
158
1401
1709
1909
322
1371
123
22
1088
790
853
1277
466
1200
384
1476
189
235
1235
671
1167
1222
427
711
722
555
1183
1318
686
1665
1828
87
1374
89
761
745
564
783
185
1354
1044
1039
983
1510
591
1720
1339
780
1955
574
1803
1474
148
230
186
871
1138
1721
541
176
1386
369
615
760
458
1376
1857
1022
159
43
728
1203
1434
64
1065
25
1784
756
1157
1739
1330
961
1213
1831
1543
1751
1054
1033
1473
1595
1561
1211
1964
324
file83
774
1552
181
148
63
576
1228
1618
362
1292
1036
739
1076
1792
1897
815
1475
1210
381
1306
753
132
360
139
1957
1955
1700
1521
271
1877
1845
1397
1781
26
1545
197
955
773
1815
1317
66
851
57
1142
996
306
310
471
1516
1043
1777
621
1527
489
1112
1485
796
813
1358
1067
1042
1203
816
823
1581
361
1372
536
1486
1540
1854
743
263
1047
1739
921
1709
210
789
752
1987
1410
279
828
523
116
1624
1688
1474
730
677
1859
1905
259
220
1278
1147
59
1170
1353
file84
1963
1913
1616
1010
1653
889
1071
1863
1678
1823
203
1089
455
1031
1964
571
1008
4
398
51
734
1427
1911
991
38
483
621
1186
542
1791
539
506
57
508
1868
1710
1397
940
1925
1076
1115
480
517
1570
1864
833
494
872
837
1244
1275
1923
671
1266
710
22
1888
248
916
31
1139
1422
88
1999
1643
150
1749
935
428
825
50
908
1694
1973
1124
879
819
348
1716
63
1624
1991
810
1257
1796
1184
1497
396
101
1529
1523
1969
1887
1518
120
1636
453
548
813
856
file85
1808
859
1181
933
1738
0
1633
1806
63
1257
1797
1149
68
1407
1298
1252
904
46
1353
785
1934
1229
755
1822
1099
875
1810
1905
1775
624
1113
1935
1483
294
1220
1574
854
1380
709
111
1530
210
531
1289
1860
136
193
1907
1841
979
1422
86
15
522
1313
1826
779
1088
802
1892
1375
637
538
596
211
1184
1802
1944
1893
1913
1474
455
445
763
316
1308
575
774
639
768
197
725
784
1071
38
962
202
1478
1764
94
401
632
965
168
1604
909
413
1869
383
868
file86
666
1498
1536
1599
806
111
374
1446
880
923
523
1664
346
562
978
548
392
742
994
1598
1495
1626
1400
460
1794
1356
1369
559
1226
104
1427
1892
1602
964
1844
761
570
307
1493
1082
323
1839
1996
1301
739
389
395
1733
339
243
1711
92
703
1857
1448
425
416
1026
881
1843
1271
484
1159
1115
1597
587
37
156
1246
1530
1590
1570
1721
1939
1223
812
328
1971
545
1019
214
256
1111
1269
465
912
1694
1938
576
1076
1561
1412
236
1028
1361
1175
1065
1869
421
947
file87
1459
343
1020
1398
1567
1832
78
1890
377
1098
104
985
561
1373
1450
1473
1420
331
1764
348
1408
1677
112
1996
706
1171
123
1342
1944
1071
1153
288
443
904
207
276
1334
97
1005
784
553
1991
1346
1926
1441
1698
125
935
46
1885
613
158
1881
1671
1983
1404
1794
1700
1217
831
340
1661
87
899
289
1421
1348
1294
558
1901
1285
256
180
1079
1427
1878
1204
363
277
1328
787
1674
999
771
1430
1145
448
1130
715
1631
1823
376
70
722
665
1492
71
1959
402
324
file88
1597
658
504
676
85
735
232
800
1364
1673
128
151
1347
1479
1274
777
625
75
259
1340
1706
82
68
1777
1157
1085
1621
1228
1396
23
1904
993
1033
409
1669
1118
1496
253
271
860
1926
399
1011
1625
231
638
402
1208
713
1014
900
419
1096
1320
548
405
169
1833
1801
544
1738
1147
1577
499
1168
1048
347
1422
1319
1207
1348
70
570
974
653
1728
1861
1921
742
1113
693
191
433
1241
796
838
1763
982
992
659
1072
139
237
1571
1659
1637
1918
1081
1308
1477
file89
430
1730
47
1756
384
1608
1484
597
1529
579
1711
222
770
144
1464
1918
1335
1579
900
679
238
1972
1170
827
1895
829
464
165
1911
1772
1642
341
1855
42
449
239
1650
285
836
1179
864
547
1754
1986
1044
1570
257
379
1149
1157
1058
1387
1482
228
567
1377
1057
1031
968
1156
1537
1661
1011
1931
462
1602
1581
748
438
1113
1964
1338
1219
303
382
789
560
290
1717
171
29
1551
751
596
1281
160
1980
1176
1481
1136
1065
1494
499
997
1957
101
930
705
891
395
file90
1021
229
1614
1324
611
755
1884
1724
1045
1954
247
1427
1857
998
23
1138
1511
3
314
992
1491
1380
486
342
729
443
795
1659
1500
1687
55
522
1916
21
198
880
777
435
956
174
741
1556
1601
598
906
1977
1737
417
332
403
1409
1824
1783
1896
518
864
691
1314
524
192
1353
931
1066
1269
1304
1616
501
81
51
1810
608
1144
1366
561
1743
272
538
1832
1042
871
587
451
1047
723
699
1917
1587
1231
111
287
584
1394
1705
206
1321
1059
1132
1725
869
1740
file91
869
587
654
964
860
1192
1148
254
415
1736
1057
1462
459
1757
1380
46
1852
963
510
139
1548
256
1844
106
955
1517
1165
440
1242
387
532
464
974
1186
1428
186
379
929
1146
665
1498
609
1476
1607
341
1874
1459
1656
736
1950
1204
993
146
1662
300
15
1180
740
1258
1567
1625
74
541
811
1854
728
1542
783
1520
689
1800
1370
1650
1276
977
1991
1503
788
1647
239
1090
1584
1236
1218
1885
1604
398
862
1965
602
1288
859
1766
1142
1587
1308
1926
1997
78
830
file92
1999
1707
159
342
1210
948
1990
1801
390
1546
1386
1979
1116
1623
1583
1515
952
797
1832
1907
85
691
1673
1227
630
1333
1505
90
1683
1584
920
1682
1643
1079
25
853
379
367
1006
770
265
392
749
1381
684
896
1672
1481
729
1579
1566
1772
1252
1145
403
937
651
493
620
587
1765
303
230
1196
680
1435
1928
1047
441
698
1664
1186
1799
1045
1553
835
294
1225
316
1375
1156
1882
1147
760
1027
1550
1698
30
395
318
969
160
973
1551
1709
1653
986
1637
1052
1428
file93
687
716
966
486
114
871
1321
408
449
1989
1783
1605
1871
1282
366
1250
833
416
1633
1228
1086
954
1741
60
506
1450
65
1492
1087
1470
1272
1774
186
238
612
300
1110
285
1060
1559
274
843
1516
497
478
234
99
1311
650
84
891
1737
1039
632
149
1545
434
214
1389
1521
1684
662
1647
223
1252
259
875
714
896
1936
625
1522
1131
142
19
1609
376
471
920
1027
555
164
1116
1946
1148
1265
1491
1583
1831
1233
1104
1895
91
1499
1363
902
839
134
34
1333
file94
506
1643
1710
977
916
1089
1884
1080
557
1831
580
1822
1674
163
1653
907
1620
1521
1154
724
1612
654
439
931
1220
1051
1833
411
1186
219
1745
1692
215
1807
1021
1131
1248
905
563
1805
1088
1143
1979
763
1659
1632
1670
1279
1506
1177
355
1470
794
401
1403
198
587
1814
1384
806
1911
1428
70
801
504
1318
1706
1419
1475
1147
915
1454
1910
574
1439
1932
205
945
1109
560
767
1292
1169
695
1904
108
862
1640
914
1125
1420
288
1196
221
1144
866
280
342
1427
148
file95
1337
757
1587
1621
1314
884
731
226
1652
375
1932
1173
1423
1837
1281
285
1477
547
1410
898
1187
958
1119
332
1825
1751
1600
519
1178
1783
667
515
540
255
489
206
1491
1220
432
1495
1947
364
1020
1370
201
653
1655
31
1201
1418
740
376
400
1424
553
152
1024
1072
1682
807
1740
550
1699
347
1039
1905
190
259
337
1686
558
1054
706
1929
1607
1360
1584
1638
913
1354
919
1653
83
1672
1430
636
176
454
1709
1858
1262
1801
760
1313
148
1799
1219
338
410
1908
file96
376
969
1314
1083
898
922
795
834
912
1708
541
184
1713
624
208
1143
1260
384
1950
1321
594
1212
1122
1355
525
1622
1506
96
313
1917
357
689
886
1671
1772
136
593
919
970
1858
979
1511
42
693
487
250
188
1748
986
138
1421
1932
1702
896
1639
580
518
1146
676
831
1063
1033
1521
301
1057
1645
437
2
565
1759
1860
1544
1623
254
589
110
856
1130
210
1842
1268
1632
127
971
880
1766
1903
1398
1264
579
582
679
1965
455
1332
1374
100
121
1376
1017
file97
1881
1237
914
1504
1843
1855
1966
700
985
177
894
254
161
1373
1577
1041
1140
1480
791
756
411
1436
728
1828
1120
102
281
1242
1831
1298
1123
1420
564
979
1263
420
945
315
1405
1474
1210
11
1635
583
1940
1028
75
1772
1820
1184
184
1193
620
1264
1374
1740
1719
1655
982
1550
1305
457
1322
222
1788
585
642
734
901
47
560
463
196
1046
351
1224
124
1044
658
660
590
1630
276
316
1722
1995
1971
1057
1897
1628
1514
1219
1850
1303
157
492
389
1058
892
949
file98
1873
1655
1497
919
6
1074
745
130
118
1403
1142
1060
1385
1419
1376
1108
1414
1699
165
1664
1680
31
1235
1530
1334
1392
375
75
802
1619
1025
675
1274
874
1947
1632
1948
692
115
419
448
1257
1479
1833
676
1208
941
443
1259
1458
107
939
1490
1342
470
1176
1087
1197
1252
1889
816
629
565
442
1503
512
74
1452
1204
189
1871
4
1447
1702
1838
475
910
1131
918
522
590
1377
1461
432
1072
1931
1608
159
1128
860
48
296
1841
965
738
1345
1477
1165
1149
1034
file99
1354
1372
1390
1153
1074
1228
1981
337
712
1251
859
1654
981
320
86
53
604
1694
564
84
907
964
381
1100
1930
1471
445
1759
636
1946
1145
343
1318
536
1848
745
1764
181
1082
828
1433
293
482
414
965
568
819
1569
615
1383
6
1874
347
739
974
629
210
1772
389
1199
1718
1886
1894
1389
422
94
134
539
276
1568
1367
1709
1861
202
123
1178
770
942
1737
677
1106
1611
1024
1845
938
407
710
395
1606
780
633
1852
169
1056
1947
303
1595
223
1314
1932
file100
84
1516
407
1615
287
1349
715
376
26
1821
340
1402
1666
1278
1408
73
1988
155
32
768
789
1884
1290
197
1831
1945
1792
54
169
1106
338
605
623
745
220
1262
446
935
1990
472
756
330
227
774
1608
1987
1200
1948
495
1232
1069
1636
1468
359
1833
1300
304
1625
1706
825
1083
45
1431
58
790
1651
1672
1237
939
1663
61
47
345
640
822
1954
628
374
254
1475
1606
1323
1111
1426
34
944
726
691
921
785
356
830
947
415
1972
951
439
1209
1890
454
file101
1623
1937
800
263
1111
1106
1243
1485
1360
718
1443
1036
181
870
1070
1125
1948
113
398
1085
1630
755
1915
929
1522
1888
232
313
1449
122
768
1072
412
1568
1688
1875
1026
1283
1713
386
2
1508
1774
183
730
1197
1661
679
1310
411
1764
1292
1518
32
574
1040
272
806
1706
1721
1281
474
1146
45
394
1186
1920
1420
469
1633
158
823
1142
1933
1359
1872
1130
1372
903
440
1783
1020
85
1302
1404
659
694
1676
1465
400
1749
1098
874
895
1143
1620
433
1064
1049
1199
file102
78
543
1484
1437
768
614
809
23
1406
593
1395
1491
247
799
502
941
475
320
1694
577
1418
568
1472
562
541
258
1978
1581
1161
1379
1132
1239
275
616
1029
1043
1230
1838
1066
989
783
462
832
1382
1613
1335
324
441
1655
18
1018
1425
938
842
339
1479
1100
317
1413
613
49
545
205
1514
1234
1367
1096
1424
785
85
208
1599
1270
1942
1213
605
266
6
612
636
1024
389
1927
1866
729
1758
967
1046
1171
1580
1447
69
1785
1771
1935
1371
1490
1031
796
276
file103
1469
1356
227
739
1298
1792
1344
1917
1798
308
905
822
697
832
689
1426
591
8
825
114
1940
272
535
1726
396
470
1449
1886
1502
597
514
971
1953
1094
62
1604
886
1758
1873
1037
66
778
211
1115
1963
1252
894
906
1260
1719
1020
1201
343
1908
1279
378
1080
978
232
1678
1492
1555
1983
586
1617
1939
1825
1375
1812
1214
1793
1425
909
1030
1803
290
1874
1843
569
740
1474
1661
1471
555
639
1703
233
483
1259
568
1422
1228
508
1599
604
320
813
397
1263
590
file104
1658
169
1620
1813
1981
263
39
1166
106
609
258
1581
622
1729
488
1613
1785
1073
96
1396
1641
1870
624
149
1469
1580
822
282
1978
85
1225
1636
607
845
1802
588
1108
1841
1215
450
365
1148
1424
446
1988
1037
231
1061
1486
1979
702
1356
604
1204
826
536
26
1460
514
111
685
503
718
1883
305
1659
991
146
1765
558
949
482
58
373
929
46
1763
1512
1459
1249
1844
162
605
800
1718
1783
1336
1744
1596
203
207
633
706
1278
516
1363
937
1508
1861
1054
file105
418
1162
1537
477
1888
818
875
1651
682
335
900
526
849
1857
1326
567
1993
1015
311
1589
1218
870
222
1924
148
1091
1639
1437
951
1852
844
1369
381
198
903
1551
1074
554
585
1409
1806
1464
258
1663
1142
1177
8
157
1840
1597
1375
710
172
1211
1263
1290
648
566
1495
1492
1935
510
225
486
1413
128
1560
319
714
1321
530
1931
492
1672
1108
501
1830
1300
450
1205
10
622
1209
1573
237
851
574
803
346
856
644
1577
621
1124
1137
1292
190
810
1769
720
file106
741
614
393
1849
1115
223
1149
1565
1780
1511
540
989
1437
777
1841
11
1933
539
429
1024
1396
1425
601
369
550
90
14
740
900
135
1813
1641
749
206
1842
1864
781
1343
1782
913
1206
322
1903
643
1451
96
654
1384
987
1084
760
735
509
1361
1105
1411
1803
1119
504
1055
1254
317
1048
4
875
1242
220
8
585
354
921
144
1028
1176
1139
480
1624
1794
216
612
1230
977
1347
91
690
452
1503
494
1923
359
1901
1530
676
950
1886
192
458
1911
1130
813
file107
832
1626
1841
9
765
673
1633
559
890
597
141
219
1945
233
909
749
88
1755
447
1657
555
1475
959
441
1378
1503
899
1289
633
64
473
611
258
482
1377
931
468
1936
173
1065
430
392
1010
1015
1654
112
1103
1761
1137
1902
1770
1692
729
133
1107
585
1384
396
1218
1449
869
1830
1707
1704
1559
990
172
1847
1164
1589
277
1908
952
1292
1914
1064
747
1676
201
649
1798
1893
378
528
1485
1113
1762
683
1563
865
1270
1159
424
261
1331
272
1777
1272
901
37
file108
224
194
304
1640
941
332
1841
1943
130
86
321
1010
816
159
123
579
392
1159
494
1847
376
1765
1006
1153
378
689
1777
507
1962
678
544
186
1224
848
179
518
1532
20
461
1663
459
1134
673
1275
1645
1149
206
38
660
701
1885
1036
818
892
541
1196
1581
318
1703
1895
1349
599
82
573
1800
613
1091
1332
633
1904
995
1444
1391
21
720
1388
1170
1278
1426
1830
331
1664
866
908
1760
697
841
78
752
737
1427
1352
1171
353
1504
1784
1796
1188
769
53
file109
184
214
1796
205
1286
1184
1727
564
963
1557
896
627
775
397
1535
535
1095
376
966
1847
1113
393
1551
636
1098
1055
420
895
244
1190
1300
780
1404
1096
1337
1042
280
1064
1606
1243
973
854
222
1748
1252
1757
284
699
486
1250
546
1951
1995
98
588
1446
1153
1360
341
1749
550
1641
529
306
1089
218
1348
1369
1282
1307
965
255
161
1187
356
1765
945
992
464
1783
242
1363
1734
589
1461
674
35
728
1068
585
721
1949
1244
1810
168
592
1180
1802
1899
145
file110
410
61
1684
766
178
629
1758
995
764
352
358
499
1293
171
1173
1329
1137
1560
409
557
498
1131
507
1742
941
675
334
473
477
234
970
887
647
655
5
1177
1636
1763
172
401
467
530
1252
1761
701
777
1442
191
338
1851
748
836
1334
1607
578
628
282
912
1101
1112
1498
72
351
497
1079
357
1675
715
472
1847
1116
940
730
368
1783
143
326
1836
346
1427
672
1681
1034
1602
309
1669
866
1762
781
365
186
1484
862
1265
1841
889
333
314
1089
1801
file111
1254
1819
522
307
1954
20
802
281
1856
1148
60
880
1181
1446
482
1842
1115
1348
1957
248
65
143
1733
1280
1761
1574
169
94
240
1258
1895
1494
1429
417
1801
1384
789
603
17
645
104
429
1877
1637
1875
359
1480
1343
1789
1591
125
1932
1676
1405
1693
1603
1575
139
1843
1185
387
1338
615
1156
1491
351
1946
447
368
591
903
1149
469
540
1024
1180
372
367
1240
161
311
1718
446
1987
1123
491
1590
1050
631
1786
588
1370
1124
1203
526
967
1906
472
1766
626
file112
1416
669
1775
237
1562
799
1417
286
1519
1010
800
182
1080
1246
169
555
89
112
1606
720
1898
546
442
1374
1749
969
693
1655
1441
460
281
1209
1481
408
1446
1395
1207
1216
34
1078
578
834
1260
1658
80
1782
213
1894
171
1242
144
717
1684
1518
818
1005
563
473
447
1375
1106
8
1514
1455
604
1074
671
990
504
1601
1824
1765
1259
256
1899
1472
778
1793
1644
372
289
361
159
1180
1414
722
5
98
1464
221
1659
1330
28
615
756
699
1261
652
1430
1026
file113
1911
1687
925
1384
465
1070
1380
1189
1711
93
1597
1870
1625
1011
592
1983
1224
1042
1447
1446
701
1129
1474
1317
1886
526
923
1147
1178
705
525
1442
744
1802
1209
558
750
935
1003
348
805
629
1359
1749
612
584
1144
411
382
197
1892
208
1866
1778
1086
1141
1277
617
1847
154
59
591
308
1237
153
1532
147
903
819
1150
1251
1976
131
611
78
1095
1547
1222
1858
281
1771
1751
489
1638
1881
1928
779
1511
545
978
1665
604
1570
1974
193
75
340
1330
1030
1842
file114
582
1006
1974
1545
1436
1069
1444
658
928
77
782
679
566
420
912
846
1551
423
1391
530
89
347
452
415
540
527
625
1232
209
1655
1075
1143
1014
1049
1040
450
470
484
1461
1398
561
243
429
1480
1015
1342
326
1765
70
1096
206
417
1900
973
1310
779
1599
542
989
1606
1617
132
972
1018
1173
1775
1489
9
1236
1239
923
1831
1669
403
1011
1081
1764
776
1151
1213
983
1569
1113
1956
879
1893
1907
1773
1234
1866
1743
1366
838
891
965
602
901
201
194
1824
file115
384
1863
579
1582
874
12
1347
2
1164
560
985
1085
1673
1294
316
1918
1553
89
1152
1771
184
871
610
1298
1762
1927
252
1015
481
446
1191
865
309
122
448
1535
135
1795
1538
1651
707
875
736
732
521
1404
651
75
1845
1803
1846
30
1026
808
1680
789
1932
156
1217
731
1348
434
1040
1470
1234
928
1605
1381
466
1608
88
1693
344
821
215
1748
1472
642
1946
1627
840
1976
1006
1
1656
1089
1940
1951
306
671
1092
64
1122
327
992
1079
1708
1458
688
1797
file116
1151
1384
970
1718
1485
794
360
1431
773
1201
1759
1779
1202
1767
1574
291
1707
1878
949
379
1529
393
443
1003
720
1787
435
781
1245
1475
930
748
1211
1900
467
696
694
1179
479
1467
380
238
1599
1934
5
1525
577
65
1403
796
1285
272
1239
640
992
1026
1427
125
623
1254
1055
1723
466
955
542
1514
1
1722
1994
1821
454
584
1420
389
942
945
1318
1007
701
1197
155
338
1469
1394
978
813
772
758
939
1747
12
1822
478
1302
365
1993
1655
87
339
1476
file117
893
1275
1248
1634
217
546
953
1576
1599
150
1731
1937
1971
1477
1267
784
601
25
75
700
38
422
523
868
76
888
1213
1327
1552
1560
220
828
1160
1855
1397
1706
974
1305
1310
1057
1594
1633
535
862
769
1488
1239
845
189
1629
1619
712
498
1695
1952
1711
1426
1279
1616
1338
1499
796
499
193
557
866
1519
215
528
577
1809
161
1464
1023
1283
1304
263
480
1493
1892
99
742
146
509
806
1924
1788
1263
1640
1218
1762
1346
1763
671
565
1635
886
1445
564
696
file118
1959
28
71
1242
1332
334
1722
1178
579
173
1735
1321
319
245
127
243
385
901
1858
25
471
1972
1724
235
644
641
1870
1530
86
434
578
45
814
650
1287
498
1336
1361
1676
1915
1534
1764
1589
205
9
68
801
394
970
659
772
1441
632
496
1276
1137
250
1158
1223
1036
1737
1621
202
739
908
1053
75
622
1081
343
508
845
284
714
1206
352
1867
1601
1322
526
725
1116
1510
1221
1496
786
710
99
297
285
1135
386
1906
1690
1125
1167
743
1552
141
1824
file119
247
649
1022
531
1715
228
884
1934
181
558
461
906
26
1971
479
1523
1110
1189
1622
1407
1827
1109
1793
85
799
1270
1604
1894
1174
97
1719
1422
747
1093
1953
814
1321
749
1503
100
1562
409
126
1885
889
1649
995
430
1623
754
609
733
899
695
1884
169
651
1779
1344
1850
1118
1848
943
1423
1014
264
613
115
119
1065
1677
529
1191
1563
1770
841
910
200
816
1665
1162
1549
564
209
1786
1086
860
1917
782
1961
1767
1900
1809
1062
1323
1176
1678
288
1291
1798
file120
1353
1321
679
897
1236
449
1738
146
1001
906
163
808
728
724
594
166
1585
511
948
1546
630
848
1708
44
523
884
1722
1164
527
1872
869
1848
551
1766
1084
1000
1856
1231
354
763
1746
1571
826
1594
165
992
1531
1028
1940
1429
10
1140
1137
54
16
373
1776
1180
901
1649
49
749
552
1816
186
1905
1672
1417
259
787
1163
1480
358
342
1074
875
1334
605
1903
1627
35
1913
767
1524
319
783
1898
96
315
1151
97
365
252
649
533
438
554
557
207
1165
file121
1345
1371
646
1703
1713
72
931
1399
1030
1186
1026
1417
1452
146
941
1771
1281
1191
219
1597
342
316
314
595
1318
847
1385
224
1756
1593
1742
1101
1316
740
1157
1381
812
88
780
194
1274
1807
1611
726
305
905
498
1586
96
717
1183
791
1386
1497
1738
704
696
1123
1280
453
716
1022
1906
32
1762
1063
1413
927
1151
546
1121
778
353
733
1856
1010
1638
354
596
86
1424
1780
877
1162
1629
615
218
326
91
1498
1131
807
873
1037
1192
635
101
605
1562
1604
file122
1151
1036
734
1856
1769
591
866
1407
1297
1463
1845
1073
1595
723
235
1224
1690
453
1902
1781
304
1033
589
1177
71
133
164
524
738
1727
480
242
763
1215
450
884
1806
1669
643
1455
1484
488
529
1079
1211
764
655
1254
1218
558
1035
1874
1591
1976
1051
14
109
538
848
1294
1371
1442
409
586
1892
1293
744
1913
288
199
1397
777
728
476
340
1493
1132
1594
1063
42
630
1289
1985
958
0
1068
1907
890
268
1202
261
1710
1611
1199
1954
1257
1943
1868
1897
143
file123
1617
674
1223
94
1367
1068
1578
961
483
1972
1943
1772
1957
902
112
309
322
372
1200
590
1574
1813
652
1537
1013
958
1146
956
1178
1044
1451
796
70
675
1242
1437
95
1172
751
579
1144
1046
703
1101
300
1168
1411
622
1540
963
1212
1114
776
216
1003
1789
1175
150
1098
353
1546
549
1149
1616
1576
391
1054
24
1563
157
603
1059
1203
1658
513
1504
826
1924
478
366
1239
43
1832
15
259
836
1434
1338
1255
1788
884
156
1289
500
85
33
1906
109
1948
63
file124
1064
1008
1619
722
1521
1475
1549
1797
1953
267
1388
1996
100
1403
256
1288
1912
42
978
1167
182
1862
1676
1472
714
1761
1857
973
1870
1805
934
1165
1007
1656
1038
482
1557
1187
436
1825
575
784
1925
331
1392
1565
243
1435
543
1763
1617
757
1439
1441
1471
1200
1298
796
1422
1456
185
356
621
1192
364
12
1675
1922
1199
463
99
1775
1247
376
106
640
1941
349
427
484
112
396
1593
1903
1838
1103
1488
1861
877
1296
46
1585
270
1590
1950
282
224
1481
80
323
file125
1256
1680
699
1714
672
992
64
1099
1828
528
1495
1421
432
1685
837
1887
1526
698
1117
822
1096
702
1444
1039
652
1726
656
1228
1208
1089
1551
816
1121
602
531
1793
1594
947
1244
1774
1827
1091
1195
611
777
33
851
655
1083
1968
1477
532
670
1274
1571
1675
1000
579
903
560
1668
807
1729
789
1409
612
934
1356
1911
178
1130
1738
1270
678
399
1063
1553
1054
146
1873
883
1030
543
157
953
218
1158
1533
1474
70
1201
281
1799
343
42
411
1277
1398
322
1456
file126
881
413
726
1911
1115
1477
974
668
531
1472
541
1414
503
1436
1924
1456
7
1082
1341
1481
1504
543
114
1304
886
156
1715
515
1907
390
1971
1140
803
1049
1051
1918
526
377
938
1057
201
1479
824
704
1267
748
513
1274
182
1854
1107
1686
749
1221
1342
1987
1378
1058
1637
1448
474
777
603
1876
180
521
402
909
1459
1812
1110
1290
988
167
557
88
680
1832
270
1291
308
1988
1651
1975
243
1061
830
1880
861
1657
1009
1464
1533
1541
1985
287
450
1796
99
1560
file127
1086
1439
1727
1995
1527
759
179
149
1998
1471
458
1986
1984
461
313
579
1522
1144
811
735
801
1820
199
334
1361
536
621
1811
684
1073
1723
1770
512
1451
117
40
562
297
541
560
1768
999
898
104
1460
1212
683
1334
708
1494
69
1509
1666
620
195
1027
1156
1168
1190
1840
593
913
1962
1458
716
80
1850
1279
377
391
191
497
1391
1090
601
1203
654
1284
890
1362
1130
959
1223
796
1580
175
1088
938
1365
929
1884
630
1243
1342
1347
1323
1192
978
52
1583
file128
1521
549
974
611
1150
530
1617
786
1420
1331
268
731
906
1064
311
676
1239
1400
1967
956
681
1851
1939
1924
1545
1286
1600
737
616
1652
320
137
554
1647
1101
56
529
1070
843
1949
402
1111
680
1660
528
1344
689
119
744
656
1428
1777
859
1367
53
404
1005
1653
1493
1621
1658
1813
1758
564
1812
1211
620
341
282
1463
290
1036
927
1323
696
1807
667
1385
278
1763
393
1706
1892
1604
1073
1945
8
78
1951
1501
51
1961
1667
162
525
1479
1373
1145
173
7
file129
961
463
1043
240
138
92
47
805
1829
325
920
223
384
812
1827
1457
758
188
1888
709
41
1939
670
60
453
1547
1892
692
65
186
1653
880
1230
245
1019
1674
292
1824
1503
970
745
1726
1354
1909
1906
1163
667
446
1051
1728
487
1343
750
900
1796
297
792
1975
990
857
162
995
1737
1744
1241
756
1770
1885
933
1273
855
30
1352
561
1258
1725
959
56
1128
687
895
471
1790
1795
620
87
587
947
1429
1109
777
1534
1205
18
642
975
255
1575
601
1463
file130
1957
1953
24
1897
1563
101
856
1619
1230
1895
514
53
1685
662
673
125
1601
1621
1554
1398
1082
331
932
640
701
1574
1967
957
1502
568
772
1459
521
796
1708
436
1250
916
55
480
1164
922
885
849
1936
1559
1326
1537
1532
881
935
966
1564
219
1606
266
146
1926
1575
1648
494
347
1368
1495
1520
156
745
564
1577
1600
1838
463
802
1774
374
128
1311
1906
1361
247
1224
926
818
1183
1192
964
1109
1119
1955
1466
424
1675
1313
1944
1832
59
732
396
1988
685
file131
234
803
1839
8
1177
1967
1671
1435
1681
270
660
607
1089
195
151
53
1304
1270
1018
1259
1088
1794
935
401
90
1119
812
1174
1515
801
1859
101
1604
1698
109
1134
18
1780
569
1699
51
1581
658
1492
1776
809
1545
1432
431
915
1044
1519
1061
331
1920
1503
1450
1085
678
1317
1886
537
1418
1842
588
1527
976
958
1659
1898
1009
62
1831
1667
1554
1960
828
1452
1392
719
436
1130
1781
1402
1284
487
314
725
852
920
1792
1183
1896
750
1195
146
1759
1257
330
1778
file132
1164
642
606
968
34
217
1687
823
1699
1820
1942
1101
1457
864
1941
1771
750
666
975
407
1586
767
1590
1835
1869
785
333
1628
395
1015
1406
1911
1657
364
1231
44
581
1270
1219
280
1091
1513
1734
900
377
1675
1023
1480
693
1999
1887
632
1118
1829
819
988
967
1152
1362
168
727
1625
177
856
221
25
126
1440
657
1569
954
391
821
1331
418
1845
811
1464
196
1050
96
1314
880
915
654
1847
419
1623
1561
939
702
1538
1117
1793
394
1338
170
872
1131
828
file133
794
85
1571
1615
1768
342
1460
932
1806
1656
1982
1902
1323
1214
1169
1977
1061
1588
1952
974
528
654
512
1997
800
1258
1335
1322
131
466
502
1277
903
74
892
672
416
705
1604
574
713
1938
476
36
1153
366
566
1585
670
1893
465
1677
405
814
829
16
151
499
1320
1776
224
1080
668
896
1848
1725
852
422
439
790
1250
827
295
1247
1193
862
1184
216
755
2
1512
816
722
1528
1670
1225
27
991
1879
155
1215
1311
824
463
1159
549
1315
1933
1340
457
file134
1183
168
753
782
1361
1967
319
1929
1074
673
1822
586
1841
544
467
1512
1770
494
503
1
1002
1718
1665
1826
533
824
727
1848
1110
68
657
645
236
1762
1780
1949
1729
99
1879
803
1124
53
1742
965
950
209
477
1072
1055
1332
1425
57
1050
1090
235
1583
267
963
1783
1377
1383
793
22
1971
555
1802
272
637
253
1440
557
1182
695
1507
1743
1524
579
799
857
4
856
259
1447
1092
195
1714
407
1978
1091
142
1123
1465
113
1679
1620
385
668
225
889
108
file135
1955
1798
1643
650
1305
1738
174
236
537
1031
592
1746
39
1190
1838
105
1949
168
1196
91
1292
1014
204
1323
634
589
1991
859
1830
451
814
1628
446
1816
1285
185
1873
1074
1374
466
820
1369
857
362
1207
963
311
1376
511
402
1020
1525
606
343
1548
686
1371
1730
1137
1359
1584
354
644
121
697
518
1195
423
1336
368
1793
545
730
1000
1860
1042
728
724
1444
1748
249
403
761
1951
1129
484
1681
267
1021
1392
203
1727
389
324
424
1259
1871
848
947
239
file136
641
1492
970
1993
1705
364
722
429
1808
470
678
563
914
1791
866
43
275
900
662
1649
292
1217
1376
681
1893
1801
1765
1001
1239
356
1994
1084
1326
1987
789
1690
1061
1218
1851
1884
248
414
1150
40
1281
1193
667
181
208
668
825
1425
45
1859
1319
198
151
1436
1199
1391
1792
1545
475
1119
1264
1161
946
834
1364
830
1082
1779
1980
1474
1412
1525
494
1945
85
1162
770
1511
1559
629
1182
1757
781
618
1308
524
410
1205
999
1881
1090
615
1395
36
1449
759
file137
1218
883
890
1550
358
654
1075
852
599
1161
366
1722
1024
1926
703
206
35
1836
824
1696
360
1234
901
1711
1468
343
326
863
379
127
1622
1949
1011
865
1499
1369
1519
927
573
119
440
1291
1841
1464
1217
896
22
1605
733
1198
1653
1093
784
906
805
252
1250
1483
1115
1629
1611
1090
1931
622
1955
1430
1474
709
1268
1945
1149
559
138
965
129
1035
1339
86
1768
537
1739
861
1322
645
18
1574
1895
1502
1042
1877
1465
132
1808
87
439
1590
782
265
300
50
file138
211
1801
609
349
1119
1090
1736
458
1176
1504
996
915
718
670
1913
1088
244
1808
590
1638
37
55
122
197
494
561
1788
1276
827
440
1678
1390
593
640
91
1712
1730
1828
171
907
1684
1519
174
754
189
87
1843
785
248
776
285
1193
898
835
1687
1812
623
1316
991
1415
994
381
8
1634
824
73
1365
652
596
624
689
467
798
1443
656
886
1286
1793
1486
424
921
1771
1617
1820
606
1656
1984
1581
972
975
1348
319
1708
1709
305
532
1782
22
1537
378
file139
646
226
1197
1797
1669
1853
683
1308
1998
169
84
920
292
1701
1092
1251
1357
1076
1184
682
403
885
1001
111
594
1658
643
728
1681
532
1458
327
758
655
124
780
860
1159
440
1210
1680
524
130
325
225
1574
1928
1934
1002
1464
616
1405
349
1969
1516
943
1628
512
23
1309
1044
1481
1988
155
136
465
935
1348
1976
1375
559
9
251
1041
334
476
262
762
1618
78
1731
1376
428
1700
892
1723
1756
1747
1341
1153
1580
1330
1717
147
595
1417
123
1970
132
573
file140
1018
818
1049
1634
1432
163
1604
1511
1894
980
1939
1595
225
1662
1627
333
1761
969
1486
1342
299
1146
1411
798
1741
828
921
63
805
1406
636
1823
224
37
1809
9
201
1765
1520
95
746
1811
42
1323
1825
1670
1656
1587
639
1143
929
1290
289
692
440
383
1361
446
677
1119
1083
852
1696
1120
661
1705
1673
779
1577
1769
1525
1388
1200
1213
1833
856
1152
824
351
433
466
641
1125
906
1024
998
620
1822
1675
1739
905
528
1787
378
1541
1844
51
320
1421
172
file141
197
1161
336
1397
727
521
606
231
1346
957
665
164
1950
142
1071
1326
1140
1691
1149
816
1782
406
1696
1922
784
1237
1766
1188
1910
1540
1360
459
1053
209
1780
218
815
364
1916
1772
1029
432
1723
1171
1503
1401
312
1546
550
1480
1681
1528
1955
93
765
1721
1281
1027
1613
642
1487
667
690
799
1260
863
1163
1176
635
544
1961
710
68
1464
112
732
1363
1014
212
1396
323
1740
1351
417
857
1424
1698
237
1038
340
76
57
1383
124
1208
643
987
724
172
1974
file142
1268
133
1037
1336
1949
1501
68
1312
515
632
708
839
724
59
1608
1934
1484
1306
523
874
1999
599
931
1382
723
491
377
62
1215
549
36
836
682
1425
524
926
593
296
1794
1577
1357
985
654
1768
940
1604
251
1463
478
602
414
1761
1984
1489
253
362
1551
1820
1263
1939
656
1946
1365
1181
930
291
126
1226
437
55
583
1422
1061
352
15
1
1956
619
1464
787
1221
230
900
1558
1719
1505
272
1270
1326
1535
1210
334
1833
927
1515
763
1570
1993
342
8
file143
401
1277
1430
1462
1981
1798
1464
290
769
1280
1077
1990
1511
1977
1548
1230
1835
1820
853
1161
1708
415
1495
1541
1342
1363
305
912
999
1272
109
276
1055
1572
258
1036
900
1974
668
1964
179
306
1513
1410
141
1685
263
1654
1393
1030
1502
935
372
1217
1592
1636
925
591
909
1035
1219
959
1829
1169
347
729
1143
1015
1058
1107
1195
1717
972
957
210
1010
217
403
602
1719
1690
974
936
1634
610
213
577
1871
1600
1797
559
1978
1004
906
708
499
1922
118
1607
1117
file144
1835
931
426
398
1941
1998
615
345
600
686
387
1926
1622
22
888
187
599
760
1788
748
947
347
727
1952
1606
1787
451
1528
1905
410
997
93
1342
1775
843
1635
1773
1458
332
725
496
720
1003
118
1094
1891
657
1693
445
442
1951
1145
1521
255
751
1308
706
631
1565
1469
1980
1658
1163
1755
853
798
663
1131
605
1159
203
1608
1277
1297
1851
287
990
1207
732
1784
1158
1877
1305
1413
980
613
471
1611
179
292
1943
189
1455
1698
1043
606
1578
58
1737
183
file145
1218
292
143
847
1589
347
1134
931
1554
1867
716
1064
96
373
829
1429
987
1300
1392
1518
1945
1336
59
1752
1034
1454
358
613
1513
447
1148
731
739
1644
1578
680
1991
713
1612
1897
932
961
1380
1053
1790
1161
392
1442
554
262
1387
1890
322
1140
1276
128
1498
1889
1641
298
1390
724
1037
655
1718
1025
1720
1682
922
652
362
235
384
1415
25
1546
1808
1819
452
422
1207
342
744
699
1970
873
549
212
866
1602
1943
237
988
598
307
13
318
1989
1287
1322
file146
351
1522
1706
118
1899
1604
278
1718
56
701
1277
750
1445
1976
721
670
526
1285
1889
1725
887
1832
1962
1875
430
269
240
748
610
1879
422
961
1753
128
1080
1652
85
1710
1722
493
411
1000
1244
209
1328
317
1231
206
1602
1120
1932
841
952
246
1068
1734
868
1308
834
1478
1187
1256
440
1292
1737
1872
944
1822
1582
1018
315
346
18
1911
555
1347
580
1786
1553
182
907
1837
1375
211
84
443
298
103
1132
1642
741
1222
934
478
1446
230
652
1381
1249
1319
file147
1727
1267
1583
282
614
163
420
520
698
1679
357
73
1891
441
869
541
1745
972
25
528
615
766
1750
1549
1596
1197
1780
600
930
1029
1920
657
648
1855
939
1615
18
1359
135
716
1039
492
1142
1282
1286
11
175
1383
983
200
1911
1950
967
1662
1500
915
1211
1632
1516
141
661
1788
1150
1309
1643
89
924
1661
1800
1411
730
1191
256
224
825
1542
235
1000
1277
1570
1201
1189
1521
1203
1021
1435
414
1005
951
907
1666
739
57
1327
734
498
604
396
650
367
file148
1478
194
623
1702
1371
517
289
372
1795
1859
1925
984
1380
797
187
753
232
953
1758
1536
212
1776
627
269
1456
1362
1119
60
110
121
779
1588
667
1403
1642
39
1920
1931
763
67
1790
688
1051
1523
1485
1590
628
69
543
387
1605
755
515
585
1376
1971
299
847
383
409
969
1163
349
1988
918
1991
27
838
1922
790
906
64
309
1587
1315
1900
216
1385
795
955
1342
1551
1822
279
1279
146
578
127
529
987
1448
44
1336
1436
962
1679
1464
153
1601
606
file149
1411
1666
437
72
1605
1752
1972
173
1489
768
1128
1184
671
1303
1463
302
1449
394
429
330
1381
229
375
1070
18
1689
749
1834
194
703
440
721
877
1678
326
982
2
500
823
1122
1980
7
145
1283
1823
448
732
217
1229
1415
1950
1459
1790
1372
1477
1831
474
1311
26
1177
1751
1983
1898
981
1661
576
1963
16
1076
1138
1490
1409
1146
1636
692
1321
84
1777
1890
1313
1192
1840
1124
1334
1565
601
1165
39
1912
1543
1216
1527
1466
1349
1540
42
1664
1556
1471
802
file150
1047
880
300
1035
1924
1621
1119
1701
1511
784
1245
1704
1909
579
1269
862
97
1308
775
1640
876
1143
1167
342
492
708
736
508
616
207
1310
15
1087
1611
1050
1012
1232
521
1065
1096
1306
311
800
1567
1242
69
429
1339
1729
1556
1332
605
1051
499
1299
1895
1559
35
403
528
595
1714
543
1682
1325
1946
1046
909
467
464
5
125
1127
1157
1692
369
1226
474
61
1307
30
1393
264
1082
244
1563
1329
156
1599
1733
684
194
1447
1579
228
772
1525
1627
1681
345
file151
443
39
470
1570
1196
515
291
775
1341
704
82
1371
449
347
805
694
262
135
850
213
220
1886
759
1667
1465
1340
791
1343
1319
824
1688
1762
863
510
1684
60
1377
1975
1187
718
1032
1269
442
1481
1968
1599
175
583
86
796
306
1615
1556
325
1433
896
1116
776
215
1941
816
329
804
1678
13
1216
1408
340
403
126
1372
25
920
854
345
872
1381
928
958
1111
1725
1617
726
1633
1942
511
881
1059
1287
1448
1352
455
1777
156
486
142
1894
482
480
20
file152
1855
505
1293
1061
1203
165
794
131
1475
1905
208
1444
984
193
1387
1495
1074
798
1135
874
150
1590
651
658
76
793
383
1970
1276
864
343
1483
1721
1988
896
1690
1408
332
1596
1968
1777
580
514
1516
427
1588
314
1562
463
464
1153
1466
1474
1581
612
1858
1904
240
599
1723
1147
939
619
424
661
184
1776
257
504
1553
1189
1018
1069
1617
959
1735
1179
1774
551
684
1240
26
618
1852
236
444
1310
1473
167
809
764
1138
1233
1800
1769
336
409
274
242
1951
file153
1644
1663
1568
603
1399
1099
377
1950
136
1970
328
754
174
564
1980
619
226
1453
1138
1036
217
629
621
777
781
743
1113
1190
1369
1355
1493
1013
1019
1061
1969
770
513
698
720
649
668
1049
1755
1195
1965
1735
166
192
1540
1304
1228
109
1933
201
1238
1066
944
351
257
313
59
1750
1679
1430
1164
1648
200
29
346
1272
1030
1367
673
785
562
639
872
728
831
764
384
411
1225
670
612
463
1736
1557
1166
345
222
1577
96
1901
1007
1612
1549
1207
1993
248
file154
480
1023
1615
1153
160
177
144
1032
1257
975
148
1993
1386
1373
663
351
188
400
260
1706
745
482
1284
1193
384
291
1157
285
1851
1150
533
683
173
333
677
1717
286
1308
217
280
1047
1942
1295
1398
130
1695
1658
1837
793
492
1473
1986
1228
116
1496
1514
1967
646
399
650
1172
900
1191
1857
1929
1524
1575
216
1184
1792
848
231
87
143
1981
191
1991
406
984
484
1322
64
348
818
1578
315
1817
330
1318
989
1230
509
846
1511
385
773
1727
1569
918
927
file155
153
1005
1071
486
1222
1614
478
1981
598
1314
212
1920
1378
912
1091
1309
1228
908
1639
898
249
1221
1759
1095
732
144
1869
812
1713
1139
1739
218
1162
705
1718
776
1535
1699
1726
849
264
1999
579
1176
1090
1888
756
350
1879
1654
599
1100
1413
46
185
1909
267
997
1975
1406
1088
193
1550
603
1250
1269
1731
785
1320
1458
1986
1936
1457
566
1113
899
806
221
1601
686
228
200
138
1641
246
323
1551
866
1878
272
761
71
1823
1364
1674
1444
811
764
553
1150
file156
701
362
68
166
1613
874
387
1214
1560
615
1766
51
609
365
374
512
1231
1695
390
1503
456
813
1678
172
487
1122
1267
1299
1887
173
801
940
535
869
1106
501
1743
1493
1715
1656
461
1482
1707
1070
199
81
1582
1430
128
324
933
936
1137
612
1108
1625
1734
376
1276
1973
901
77
913
1436
946
19
289
1041
1865
357
1049
326
191
756
1396
1190
1330
1820
1318
1654
753
607
1143
1717
67
768
1804
795
396
1777
1696
825
1043
1133
123
1062
1774
1165
1279
131
file157
214
1605
322
1323
1353
712
513
1035
532
183
1041
1638
1142
185
1355
1210
1305
1159
5
1702
1289
879
332
1187
1003
1746
961
520
1026
1093
734
983
1415
409
337
480
1274
1724
1012
1458
766
650
952
951
358
162
256
1517
168
310
1158
222
1190
1490
1409
545
1237
722
1065
263
1815
151
1246
1583
561
1935
63
1835
1660
1427
1645
778
430
598
1729
788
760
657
1280
1000
1816
1854
190
1306
1263
1087
895
338
152
1510
153
303
1109
88
864
1044
503
1052
1056
283
file158
697
1834
713
1295
1915
1501
408
605
510
40
1605
326
1895
147
1985
1510
1234
1232
1848
1386
743
354
41
1852
442
906
896
1298
1958
305
1581
1007
491
646
303
407
499
1063
1012
1009
1103
969
1688
998
1468
1673
509
702
905
357
440
0
711
481
1506
1739
1101
1156
49
1406
1089
1057
1897
87
1712
656
586
775
20
1595
230
1341
1635
809
1660
1511
566
1151
918
215
1137
771
73
1228
1872
1229
1278
1630
670
687
1879
757
751
888
1343
1878
908
1290
108
602
file159
926
41
1411
586
483
1275
1504
1635
1578
423
1850
1067
1546
1923
296
1770
1574
1752
174
613
1631
931
1364
871
626
1242
1780
268
1702
382
1194
1744
145
133
579
1420
1989
214
999
764
416
66
310
339
714
80
1843
640
1832
369
1253
1816
1652
969
687
278
563
819
899
266
1553
445
362
1699
578
941
1119
920
1508
470
1684
1924
889
347
264
1603
779
459
596
964
1181
1849
780
833
1819
1464
1734
991
363
0
544
808
595
1739
1656
67
659
1516
695
1440
file160
1778
1042
1704
1734
1822
516
682
1138
1697
531
270
882
1702
89
698
1437
1080
1061
1789
1977
222
856
924
1961
864
991
972
380
1881
1667
1820
11
1062
1877
97
1236
393
779
374
442
1663
644
1676
1365
1085
375
1154
166
1788
1296
495
10
152
1419
323
1016
411
1647
1396
1216
655
1081
1093
1105
317
1838
1884
691
632
1547
1687
661
1265
772
1036
419
1290
1176
1715
1785
1539
219
1557
214
1235
320
1862
631
964
200
1971
962
1645
1076
1279
1836
961
322
820
860
file161
9
1481
125
1133
517
897
424
46
964
561
1585
1184
470
1799
419
790
13
1403
106
1894
1955
78
856
1600
1506
487
1788
819
809
609
1680
1170
90
157
304
960
1054
1080
1006
19
1993
943
1203
464
742
1974
1254
756
1729
1713
650
1684
1791
1859
1637
1649
346
1425
469
1156
34
501
678
477
658
982
1789
65
414
795
436
408
1991
872
832
1965
478
1940
1695
191
591
1731
334
450
1368
1984
1148
794
805
1180
1658
983
1657
668
317
1446
733
732
593
1521
file162
1492
1035
1512
364
1868
1830
1194
1808
1877
1386
751
1608
72
1553
977
408
702
123
1213
1358
1303
871
693
1313
1540
1363
1111
625
95
57
147
1939
1092
11
655
960
1841
1849
1121
1718
1587
224
1327
1660
130
656
68
1184
779
1282
894
82
505
1588
1395
397
951
859
1375
1398
916
1522
1337
8
1533
1992
1321
1727
193
794
1445
1781
1018
1124
1441
1500
1780
1861
1036
559
1495
1931
994
1
1519
741
750
822
1600
125
572
516
1999
261
877
1885
605
198
1612
798
file163
992
1057
579
362
182
372
1863
314
234
899
1226
1729
830
220
82
701
1313
833
1875
1266
1310
447
1782
708
659
1195
1209
807
464
201
216
1395
564
750
120
779
1065
354
30
643
435
861
863
870
1914
528
55
142
1794
1365
589
1929
1027
1650
940
574
1315
150
1381
1779
703
1950
1527
1267
700
1647
398
117
353
429
760
788
1642
1975
10
1908
504
65
50
650
1783
810
642
1520
1385
309
22
1118
89
725
1068
1968
345
121
1615
743
238
1172
999
1108
file164
814
1326
1119
1075
182
1184
1125
833
1319
117
1764
130
759
1636
1867
1421
1658
1337
1510
384
406
1830
1081
879
1445
1824
1117
1413
1349
468
521
515
1795
1992
1590
329
1529
716
1162
848
927
1330
1945
915
1197
1366
574
535
1228
1310
1293
1058
391
172
855
215
1641
268
1916
110
1141
432
257
1134
22
938
1015
738
101
1863
1924
1380
1194
221
295
743
1587
1221
1630
1167
883
1275
225
1274
1799
1080
1842
1441
1700
1758
1903
1193
190
512
679
565
1450
1694
1303
1910
file165
1579
1283
1456
1800
1931
551
1387
1504
182
906
388
1809
1483
14
1609
915
1856
1050
615
1967
1305
161
509
1817
840
1074
1267
887
730
1171
797
309
806
253
110
1089
804
1849
594
1338
756
1334
1148
591
1348
1109
1507
1557
159
474
1524
1816
635
385
1633
1828
1460
900
715
190
423
1512
851
1582
1765
961
671
921
1163
1617
260
271
1303
1760
862
652
869
369
561
1380
844
437
1196
1831
822
829
1659
634
81
374
1176
857
1886
28
439
3
1341
1462
1277
504
file166
1432
1889
1127
735
1649
1990
1739
870
711
300
250
1907
1089
1798
1912
627
1398
898
1060
125
75
269
363
103
708
719
1796
171
1996
301
1603
1885
1428
690
1534
1770
430
756
482
1082
1006
389
172
804
480
436
1783
231
1334
1195
356
1761
1465
1071
1864
525
1790
13
1048
1786
314
1003
23
94
1694
1909
217
124
665
699
1558
1440
1730
827
273
518
962
504
1853
510
1212
1614
327
283
1831
852
426
1844
1901
212
904
236
956
950
145
1173
1426
811
224
985
file167
834
17
1067
14
642
1586
1328
1146
1439
190
710
1405
517
1345
1588
1370
1771
1784
1623
1984
646
879
572
1955
1830
1069
1128
1256
232
1705
593
1419
74
1661
1433
716
1247
1113
214
1038
1304
924
795
173
621
384
1895
393
520
1518
729
1167
750
1301
1122
580
370
602
188
603
659
782
22
1085
443
1807
153
42
1272
367
1080
928
1643
227
1102
265
611
1349
658
1484
1220
1387
651
1970
1040
125
902
1762
1079
1090
717
1739
224
739
1176
1019
898
1330
1061
523
file168
1697
493
1451
1693
721
905
310
1684
607
968
1520
1827
707
171
1797
99
648
699
1861
1728
141
579
1819
366
1670
995
1737
921
325
799
1444
375
1644
1247
68
717
505
378
754
1112
1698
274
1291
757
798
1440
856
1446
139
1069
1526
632
1648
1350
1319
693
1088
592
1370
239
36
1745
1883
1635
165
953
492
895
1707
1956
945
1981
54
779
687
910
578
1178
1980
456
1811
154
1513
1651
847
601
243
569
840
631
315
1076
619
832
381
1111
80
88
1068
1025
file169
421
667
1080
1201
1355
342
131
885
674
587
1048
655
741
562
658
1940
1515
902
510
708
1885
1177
1784
504
9
517
1968
89
605
1036
1467
1026
55
899
579
1410
1241
710
648
1916
1650
1696
923
743
258
1581
684
1774
835
1194
482
721
371
618
1577
732
1135
1545
1174
92
933
993
1470
989
1892
50
751
1133
1112
1399
1401
1114
1448
676
1858
1706
542
1832
1445
88
666
518
811
1636
96
1895
1123
1993
1069
1567
1279
62
1038
268
306
1088
1371
1440
552
1193
file170
1667
571
1870
1525
629
128
67
814
1925
507
1480
444
1318
1469
892
1213
592
885
635
160
164
1049
1550
784
1356
638
508
796
1190
1631
341
857
554
211
382
1183
691
801
1997
617
1660
1830
1061
978
1299
305
544
243
1179
755
1707
228
843
1584
1295
1703
732
486
1686
1074
1695
240
1285
430
1776
329
1583
1773
946
1244
1955
359
574
1254
664
1118
1850
206
297
957
265
526
1263
1109
462
910
1164
1195
1748
851
621
1444
1091
258
226
1219
587
1809
993
1533
file171
1405
948
244
1980
555
1260
1098
757
1467
1748
1714
1732
626
1329
1193
1088
240
358
635
1988
1209
1256
1784
652
1867
10
1872
454
172
1217
340
1929
517
584
1909
1072
1845
1360
181
1664
1108
1896
1396
1734
1225
942
822
1465
1300
1810
1806
861
1066
1590
1865
1285
1953
89
1740
477
1306
432
406
176
1016
316
1600
1213
1676
1782
1229
1136
1678
978
870
1255
1920
44
1073
1572
1854
879
433
1273
821
650
558
774
1092
298
1251
750
730
1658
926
99
326
527
354
661
file172
894
1490
339
1872
360
1946
144
404
1019
1716
259
1898
501
1884
1072
1151
442
1846
243
1093
1450
994
175
1460
272
626
1786
291
492
1812
1537
1982
151
1761
694
98
1905
1098
1469
1973
1709
1368
474
1945
440
1977
388
638
573
1833
1919
8
1900
191
635
38
1343
1278
530
1155
815
864
1659
928
1558
109
1185
1009
1578
1158
1070
1298
1632
1016
90
1961
1756
729
534
1589
1521
805
1597
1422
1349
232
1044
1862
343
551
677
1559
210
1957
1118
671
1142
127
250
300
file173
1549
1900
284
565
1991
246
321
1072
1132
1910
593
290
1860
367
1639
444
180
683
307
875
1234
984
434
1797
942
1904
468
436
383
1070
737
1933
971
1021
498
1314
1619
1172
386
1104
1434
1331
1394
1294
1699
1385
1739
1879
420
46
1106
6
1382
1540
1803
676
1445
624
1113
1828
202
1761
1369
1575
612
1195
136
1421
651
1570
753
397
1217
804
1782
956
1354
1789
208
1088
1681
364
1765
1126
1340
1230
1307
1386
1432
1420
1108
1359
32
143
554
520
1565
1557
443
670
file174
1954
1660
1474
88
968
509
642
674
650
1203
1762
331
1567
1879
1810
1259
1109
1469
997
893
889
105
253
1274
249
1159
1794
166
1069
237
1188
1023
1014
1464
1217
1523
106
1891
525
1309
1654
1208
1228
1885
1370
487
995
839
1485
240
1729
1590
493
1355
191
5
1501
709
1074
91
1897
449
340
1263
1913
1558
1138
20
1801
1663
1681
1807
1224
910
1693
594
1397
1040
1434
1234
1280
1515
1177
126
1222
1720
483
723
430
1557
814
679
358
1507
295
272
1417
1433
644
1218
file175
1097
325
1026
321
1587
1071
1267
1337
111
1053
571
1743
920
100
221
142
1821
704
1218
603
613
384
1634
972
1891
1929
1596
1308
1363
240
527
812
917
1905
1485
857
1328
752
194
1791
158
1117
1534
1078
1570
108
1573
1391
791
346
1778
1175
1980
1102
1067
1910
698
727
1625
1290
1254
437
559
1511
1922
1416
839
1962
630
1184
1432
517
615
1002
625
188
745
1789
979
1091
1567
506
1423
669
1925
1333
1719
653
1310
1009
259
1747
1921
1771
21
1689
962
1400
1652
1593
file176
936
1436
462
1551
790
1087
91
1535
876
1422
978
796
1929
401
1817
1854
87
1537
859
1397
898
1119
1497
819
890
1870
509
1852
1270
513
1797
559
301
259
110
1091
1698
554
927
1976
1956
75
1905
709
1892
112
1781
1323
546
1032
442
43
1851
1684
265
712
1889
1536
1577
38
447
1878
650
909
1321
348
1463
299
1275
1440
607
1350
1697
1317
1595
161
113
1376
1485
1011
408
279
1054
612
316
1320
1676
205
1208
1606
243
1655
1836
1245
916
1158
1594
380
1809
1221
file177
1820
417
924
1869
1734
519
31
1847
247
1868
1211
1008
499
265
1620
815
1937
1648
1020
1497
1254
1616
1504
1091
861
421
601
807
801
410
29
973
827
953
1194
561
1824
1577
761
71
1445
1972
1079
297
589
1051
1112
879
1052
133
376
306
101
233
1749
1314
654
702
122
1807
1113
151
1132
292
1456
678
1206
1280
256
319
1351
53
643
783
350
1232
186
1463
463
1238
1948
1192
1897
401
1425
1998
1715
431
701
1837
590
166
340
74
810
148
752
16
1428
1360
file178
335
1132
1414
1330
267
116
563
453
1931
1378
44
1879
570
1941
632
1995
1939
348
778
992
537
1368
1510
1230
1442
321
547
337
1159
1907
1025
643
1673
355
1262
142
1270
1715
73
649
1759
305
1571
52
937
1919
344
1637
697
1336
175
418
847
1757
1860
1520
1487
759
1857
646
1019
1234
1641
692
1942
903
834
1212
971
908
213
1082
1565
1785
1135
502
1704
1831
140
401
1167
667
1171
366
776
1384
238
263
143
448
1162
1682
207
1624
1807
1041
1189
1130
301
1754
file179
212
218
1539
1347
721
1595
1530
1213
349
698
232
1520
1416
1008
904
1655
1271
1048
455
533
562
137
1789
769
114
1948
163
1078
816
1409
1290
1035
949
990
108
896
520
1321
1245
1570
1905
766
1339
913
22
1346
536
1422
1801
1070
1985
290
1211
1106
404
1159
1269
59
237
86
1469
1879
1121
770
1221
1229
18
94
902
1264
16
807
382
1355
72
701
608
1827
854
30
164
1145
1241
1270
1901
400
540
1961
989
978
1782
451
442
32
922
888
934
538
905
93
file180
920
260
165
1677
1314
773
1856
520
1156
20
1665
397
1290
1567
1150
182
1880
491
1160
14
1712
1611
1270
507
1643
192
1395
929
1083
300
1022
355
913
1539
32
579
665
240
1099
1821
1117
570
1903
684
1720
85
916
212
1598
930
276
1561
200
783
1557
744
531
486
1827
1183
1861
183
96
1752
567
1027
417
808
127
590
1420
1244
1161
1323
280
1233
1761
1196
1445
1711
478
74
1624
678
857
1181
1774
1388
1602
924
1881
137
1020
1985
704
400
755
1864
879
1345
file181
1637
475
858
1312
755
92
1425
303
1889
1136
781
1963
761
1811
1173
294
1585
913
314
1539
1837
547
1676
1210
533
733
1610
1288
597
489
985
586
964
1844
1899
71
288
1324
374
177
461
1507
493
1574
1318
1666
1868
1255
579
535
795
417
1082
471
1627
1615
1204
1237
154
78
241
740
1042
437
991
1113
725
316
1839
1254
1129
1346
1747
1055
1016
1413
923
271
345
1458
1066
762
893
1890
741
860
1094
330
116
1600
408
709
693
1802
1498
1684
1267
223
352
1829
file182
1481
804
1577
536
172
1342
1812
443
1687
1622
1862
801
515
1752
1894
1376
1198
224
1844
799
984
905
1138
403
1880
405
978
233
215
807
1714
1019
384
603
1191
1727
415
1987
1766
37
1849
568
1601
814
281
1039
477
1950
375
1382
146
1514
137
27
271
1115
260
487
1922
326
1858
659
1281
1050
738
1696
1389
856
86
1238
1776
1343
591
1624
342
1630
453
293
5
187
439
1871
324
818
143
1439
1430
982
1713
109
840
724
1390
242
1814
1631
671
1877
1221
447
file183
1220
412
1038
1196
755
1020
1649
1400
1378
1836
191
1249
512
1010
1744
1951
792
726
16
901
1919
1093
292
161
907
1731
145
1578
1960
1366
26
1180
131
1416
376
886
437
377
286
167
213
829
1077
1839
1513
1028
632
591
1396
1533
510
489
177
1024
1397
260
1169
1327
220
887
1353
1752
1018
1122
128
1904
1559
505
542
1726
1070
1372
1494
147
1563
1359
1527
547
1276
433
813
1765
610
189
1514
1223
1710
842
1795
598
1548
1968
1669
1676
225
1580
534
767
1658
1956
file184
491
1505
456
407
1216
335
954
1519
1611
1387
333
1729
350
874
1595
1573
585
789
1720
1535
1337
1268
1503
1358
945
1728
1291
1831
848
1301
139
1339
1158
595
1746
375
931
1053
1894
894
792
579
623
1142
1454
219
1067
391
1008
788
1926
697
56
1429
408
1353
1510
51
1536
358
1352
1676
49
863
271
148
1238
1554
1201
1132
449
345
64
1072
1488
1518
1643
907
1909
1004
1695
187
53
104
1968
461
1457
1478
864
994
188
569
670
590
1432
1293
738
291
154
1297
file185
636
218
721
476
1736
365
1384
1997
1721
1431
536
1774
1535
505
588
993
335
1452
339
876
373
1361
1466
1805
654
556
475
1854
1199
630
1151
187
1200
1873
664
1289
590
400
1286
311
1831
175
437
1367
1032
1025
712
1719
830
1403
595
1203
764
413
1009
1770
1321
1836
1625
520
818
1128
708
19
1353
1724
1308
1943
946
606
307
1121
1044
26
421
738
225
1251
493
820
807
1609
1586
1816
1380
907
4
1357
1428
1175
485
488
1194
1839
564
854
134
1040
152
741
file186
1699
1274
1785
1726
1779
206
464
356
1810
1310
1177
617
919
763
785
299
1670
1141
8
1450
316
494
290
1510
685
854
716
819
246
869
1912
1946
495
49
1672
626
608
488
983
418
1798
160
1387
1070
1275
172
1369
1297
1665
1730
1100
1982
224
1390
1844
1261
597
561
432
1195
1782
345
1493
277
394
1165
903
1002
6
1886
1420
156
398
1159
1226
25
1683
948
1675
1349
678
775
1331
1254
517
1175
515
1466
88
947
1014
1870
1292
507
147
39
1403
1041
31
1641
file187
814
187
40
1973
1766
417
1657
714
92
1006
1744
1219
689
998
89
1864
1513
1907
305
812
921
175
105
1429
323
144
1454
78
1537
1837
1719
351
376
111
677
142
529
334
1208
973
1692
952
545
733
302
634
949
1815
893
1254
628
1430
1085
1596
1581
1402
183
1118
1591
1902
1470
1967
14
147
462
895
833
22
220
877
975
765
1610
1277
1751
559
1445
997
1814
425
1510
760
1701
1091
162
236
209
490
31
72
856
530
534
1715
909
324
592
1089
554
1865
file188
1193
1466
1310
190
1632
87
1354
1228
1597
114
1281
1040
628
1517
1602
733
7
1633
1157
864
516
44
967
231
953
1291
1176
1189
1730
1054
278
1548
717
468
1180
804
174
760
754
640
41
1794
1268
1910
1396
353
270
1382
1862
1486
250
1906
453
481
1211
97
1657
400
830
1740
1807
1108
1640
524
1928
1173
1680
102
1933
434
742
327
581
362
589
329
1067
859
63
929
345
313
836
1151
795
47
1248
800
78
896
607
1538
537
1483
1710
1163
1568
1995
1950
662
file189
322
531
1024
1264
1212
91
123
1276
1020
821
1589
208
1972
736
608
1572
1541
1408
2
437
367
1540
1326
1850
1358
1036
1365
1278
1032
1667
1940
1706
550
964
970
1763
1407
1446
1039
427
619
628
988
943
1596
515
1258
1004
517
47
1723
409
1374
1925
1767
410
1290
1045
1794
1310
985
1853
1860
301
1175
1623
1708
973
1014
487
1592
1995
1475
535
1712
1423
1402
779
1919
1017
502
328
391
447
1154
70
1492
1300
1380
829
1505
1130
681
1568
1190
1654
582
30
1599
577
file190
1857
134
289
1281
1889
1611
60
1808
629
915
489
1372
1342
936
526
1764
781
179
1496
1610
1684
1089
1093
365
657
635
372
1239
665
1971
169
875
457
458
156
346
70
568
507
1051
1483
1348
423
1178
636
1302
942
1417
1833
791
1380
1517
1880
825
235
537
1812
959
128
830
1282
297
1705
91
1108
1861
790
1530
1297
581
617
997
1356
1795
1633
1010
1403
843
232
1135
713
112
1960
1300
1001
124
259
1130
954
1541
1779
659
1984
887
872
774
769
1654
71
1702
file191
623
1420
1411
770
1054
421
211
457
1617
444
1592
682
556
1904
1982
1558
28
241
1040
983
134
1171
1994
118
59
867
893
1180
873
1316
883
1496
737
294
266
143
1067
477
600
1036
921
544
1718
1830
800
1700
1740
828
293
780
163
427
1951
158
898
362
1377
1895
250
1811
778
98
548
1424
364
691
843
1193
1643
1880
467
539
1598
297
1339
1651
389
520
1944
1169
683
724
1472
1622
187
922
117
82
1524
1928
1212
829
636
338
1872
1831
1884
1516
1711
351
file192
407
1662
1000
1747
1313
1389
267
1257
910
1302
333
382
848
1955
921
1770
424
1003
1295
353
215
917
1182
1203
1608
1054
1035
1492
922
1098
195
1330
760
1195
1077
73
584
1696
1683
1846
998
16
228
324
1502
1969
748
505
1264
1101
1073
533
635
628
141
42
15
1985
964
1114
180
646
1874
1375
75
300
311
1771
1983
157
1122
351
738
1320
675
240
1289
1776
1097
905
877
522
1439
1865
1151
1932
1907
1166
1918
871
280
450
1870
507
178
1945
807
489
1717
1142
file193
999
1191
1493
89
511
521
329
1801
297
1778
706
1526
301
497
1391
1452
430
1650
970
700
874
1251
1502
744
110
1680
689
1269
522
406
763
1521
1597
608
1610
461
1129
291
262
69
1320
1305
722
170
1048
174
952
699
1145
4
1573
748
1506
317
1210
1187
1358
479
1709
117
1594
1582
66
202
1544
527
1332
1835
1141
1110
256
814
767
979
984
1816
1505
1936
867
650
1940
792
1750
1446
1461
960
985
819
1791
1046
936
1385
628
1003
1588
172
1882
1272
359
1024
file194
734
968
190
1854
299
1174
1670
1804
1462
889
807
1402
1681
909
1200
1142
1870
186
1961
13
1232
1250
1751
213
605
1691
737
487
963
1449
1863
49
417
405
1903
1068
1579
1925
872
1041
814
1679
795
495
941
348
1989
811
534
1951
1176
118
1553
927
683
158
618
1421
997
1933
1222
1213
1983
1639
1618
238
707
1550
164
1931
943
1330
1963
1739
1826
904
87
167
67
973
1243
1443
23
523
127
181
1493
1900
1531
1427
1122
744
1762
1113
362
0
172
264
516
455
file195
1208
1847
418
947
25
1322
1386
192
1741
359
663
1337
154
686
1860
281
868
1353
533
399
1132
7
1495
894
1120
209
895
1644
474
1411
100
1682
1610
518
981
1635
193
367
1828
286
1078
491
1623
1232
1177
1483
1866
397
1189
1148
321
759
643
1568
231
1205
463
1876
1679
226
328
1361
189
1198
342
1824
1391
1061
1652
30
139
495
1653
1371
1673
1489
1589
70
678
341
1571
1351
1100
566
919
1331
1771
1734
1559
1450
313
1887
1163
502
1086
1505
326
829
331
859
file196
1057
826
513
429
499
2
18
922
1032
711
845
383
1811
1411
1655
1143
1183
1389
702
633
54
942
1797
556
28
1654
1235
857
573
1566
1717
1630
392
582
411
1244
936
782
518
1968
1493
1363
703
1657
1126
710
800
309
100
1854
1295
154
796
1444
1063
1176
1450
298
34
23
216
103
6
960
1037
769
204
1973
1551
1074
293
1397
789
1348
1054
1916
59
206
225
511
412
1520
1017
1561
1316
80
737
767
730
1123
790
946
1578
1148
1907
615
1918
463
940
1821
file197
1538
1585
1570
679
934
976
595
993
1182
1173
1856
1947
1045
873
1508
362
954
597
1129
36
1721
271
983
1651
1420
1242
619
1690
1705
1911
1511
1595
1497
1434
275
431
410
1222
1776
1945
395
1632
1892
1441
857
1752
1803
163
349
932
200
422
1555
1535
426
975
777
665
834
956
529
782
805
1963
1409
1236
725
631
1364
670
1027
1348
914
820
206
666
623
369
1368
1907
921
142
1462
456
568
790
1233
1965
1807
420
922
336
1202
1727
651
611
1316
1377
1032
399
file198
621
733
1314
1441
1291
332
416
12
52
675
934
195
490
1390
763
1280
976
1081
1087
1748
3
1776
950
82
427
1913
1750
156
1507
1135
908
129
220
574
1922
1511
906
691
1875
959
1366
809
1506
1856
552
1488
1880
1702
576
1628
57
704
930
492
1131
843
594
1640
350
1729
900
831
301
1474
754
1812
732
1797
40
1691
1515
849
1549
1724
1753
171
1212
1985
1873
140
1613
1931
844
543
423
328
1738
1369
320
89
1099
1220
920
1752
694
26
1917
1426
175
1957
file199
1470
1691
806
1371
1767
912
1542
979
897
1768
1472
863
1699
316
1758
474
996
1497
1843
1316
1938
1294
888
858
1047
1582
1237
1361
1412
1273
1183
1455
431
554
1222
1343
449
593
217
26
1456
268
694
1214
742
1063
937
1359
1001
584
248
212
1983
182
1449
1299
1895
1213
572
1078
1021
1003
1985
243
699
434
1149
1292
1527
1100
1271
222
314
365
265
1378
1654
1976
731
238
224
943
221
759
392
1872
654
1958
444
1733
1800
70
1574
851
856
1076
143
1859
603
1243
