file0
159
985
957
1354
1761
762
972
1541
1716
1852
1850
1662
1482
399
217
1154
1173
1015
506
1851
364
790
263
491
1172
file1
37
1537
859
828
871
1280
987
1856
590
341
1970
1352
1665
1511
1069
1517
1361
1083
1351
112
1300
506
1638
667
1364
file2
1489
1032
154
104
1875
1679
141
1412
538
969
636
170
1956
844
760
649
814
465
314
326
1886
183
39
1535
152
file3
621
393
1790
1289
109
1631
673
264
1735
548
295
1877
313
833
1198
949
1355
1155
1793
468
156
960
933
823
1286
file4
1171
1358
1677
140
1245
181
761
1990
323
50
100
1954
1075
364
42
1624
659
1919
289
1844
1469
1238
1551
976
1383
file5
19
1133
343
1304
1956
1981
475
1666
11
967
912
192
1729
902
868
131
1002
1174
1207
1718
1216
1183
377
1487
1472
file6
573
957
1062
125
1933
797
496
1418
1141
153
1726
1474
980
1393
1485
1948
305
30
29
1559
898
160
562
424
1719
file7
280
1641
902
1010
1480
726
1583
789
140
1708
723
938
557
493
431
710
220
1905
1690
1613
1391
1638
270
1421
1667
file8
1829
671
180
743
1095
1899
1024
1088
1154
386
569
232
1969
1710
373
30
433
1663
587
1279
94
1649
1499
351
1339
file9
1464
1742
1330
86
1515
1349
1915
186
1881
1011
1634
133
387
722
1287
773
1643
1519
742
1354
244
1124
139
259
63
file10
1418
353
1712
1269
705
1404
733
799
734
819
315
435
1087
853
669
450
487
802
837
1562
89
1610
1205
1960
704
file11
911
557
1829
1403
816
1892
821
1522
1605
443
579
1361
1528
1378
447
700
45
882
1787
899
1551
589
1386
353
1426
file12
948
794
1036
506
1107
92
1417
1664
1921
820
480
166
1994
354
123
437
933
1484
317
312
1931
1017
709
1165
1156
file13
1608
1069
1745
995
1422
1171
295
569
559
801
1676
652
571
1340
925
1743
172
1091
89
527
1566
878
1812
1050
1196
file14
124
1333
213
1186
499
1370
794
1568
1115
141
1342
639
437
263
1198
1590
1939
202
513
1631
1128
257
1804
571
346
file15
683
138
1225
495
1540
421
972
1226
634
158
1725
356
952
1645
1472
1446
1339
111
1883
1603
1661
1825
1542
216
339
file16
1174
1344
596
1330
267
1294
13
757
519
860
650
1292
1832
1876
279
1990
1953
635
1295
1598
107
741
937
570
976
file17
540
584
801
83
800
1492
1609
496
440
939
763
1735
1304
1873
606
164
523
251
349
751
530
339
704
1165
1986
file18
302
1625
1079
1591
547
407
484
1131
1561
919
1931
1053
528
427
1494
1819
1543
1581
1123
1768
187
1639
643
438
1988
file19
1394
1320
680
98
486
1018
752
463
695
1010
505
1179
142
66
425
1472
978
853
966
797
748
547
272
516
1086
file20
1912
1159
1877
1900
553
1197
932
1003
35
1951
107
498
49
1154
1861
906
334
3
1325
784
428
797
1763
1633
115
file21
560
381
1014
1185
897
100
1097
408
329
1349
1313
1879
634
316
1914
585
775
765
986
1930
626
1892
616
629
1569
file22
1752
1409
366
1515
1395
833
428
1776
1847
1613
1026
300
1062
1786
629
763
1100
508
1397
1416
775
1982
544
1540
1320
file23
826
518
1565
1794
1499
1134
1546
908
1853
1062
303
686
1842
432
534
1807
1810
834
869
1596
1815
1984
696
324
1382
file24
465
1451
1716
1361
1343
1037
187
1861
602
1981
1360
88
1879
620
1941
1293
924
628
1135
1708
1162
942
1870
1996
163
file25
1466
1811
500
515
487
234
1332
290
1950
693
1633
1339
880
1494
293
1213
854
382
1444
1475
323
738
751
951
1873
file26
811
465
1168
681
813
1683
499
977
535
1014
1464
769
346
107
1072
1391
1740
411
623
1587
1057
1836
793
1439
1281
file27
620
114
371
1371
1418
596
534
1883
1764
1567
697
1800
67
1674
335
1433
1490
1457
132
1949
529
1523
1690
1292
147
file28
1629
349
335
422
140
1968
1043
255
339
766
25
936
1653
260
1052
1220
957
1204
1287
983
1540
721
826
997
1205
file29
1127
1878
728
1169
1170
1227
798
1520
1563
1221
1660
1883
616
267
223
1382
292
1511
1035
553
563
608
1862
1768
1895
file30
1198
1660
968
376
1009
173
1503
887
1254
673
57
481
1823
1929
396
1044
1942
280
12
209
855
1747
854
366
1134
file31
1759
1281
1742
1973
1401
1638
1171
1413
958
1899
422
1484
1755
1661
1090
780
71
1923
603
0
320
1942
952
12
504
file32
1807
1759
1358
525
894
1117
158
636
1090
1560
626
614
973
1937
865
1748
1421
620
1409
863
1400
1832
786
4
1833
file33
1458
356
127
410
368
631
569
128
341
1446
1374
1605
10
901
1165
989
1867
490
926
732
238
699
1705
0
1562
file34
1457
1832
348
1461
17
1807
169
497
569
538
1128
1139
1018
1470
585
392
1280
542
754
533
1707
1743
400
550
1021
file35
1485
788
1720
1190
1140
1634
647
1325
1983
461
1694
142
630
191
1063
1520
1320
554
538
1142
1492
930
422
34
1685
file36
1308
94
1780
1708
644
802
1545
1784
522
1087
925
157
1735
602
492
548
296
986
1530
840
49
1051
512
956
1589
file37
1654
448
872
428
482
557
88
576
337
1797
1220
1139
1694
1005
14
782
282
523
869
1236
1015
1417
1884
353
1299
file38
724
754
350
1236
1710
292
1242
158
1164
23
641
1721
111
1569
410
260
790
1902
1955
147
1916
1089
781
439
1958
file39
17
1806
1375
1901
511
674
978
1265
1377
566
976
1669
161
1134
833
536
127
906
999
1697
1316
1260
839
1570
1567
file40
986
1486
1008
1767
277
966
136
435
693
37
946
1719
1367
212
1096
1934
1540
1117
95
674
1950
631
802
1208
1630
file41
851
525
1242
1690
447
1161
676
1934
169
795
563
1135
931
1351
180
1320
297
1900
688
861
996
974
401
114
1069
file42
1428
416
52
582
1625
1682
1433
502
1277
1123
949
790
151
1235
960
946
1799
447
229
1502
628
1549
528
589
1013
file43
1876
1563
1766
1990
984
1194
759
1036
1776
384
1071
1209
1238
700
684
539
1490
835
1775
450
1781
1926
1250
362
1428
file44
1878
264
1579
758
853
944
634
769
711
977
105
257
1736
1142
34
472
565
1595
1710
1265
632
249
1107
1467
376
file45
1558
1601
302
1160
1963
82
1038
227
14
1796
1433
958
430
554
1669
1407
659
1927
1495
1801
313
1967
718
260
29
file46
335
892
631
1443
712
1007
1353
313
1662
513
628
96
1551
856
110
1699
641
1069
481
1195
1090
1889
1854
1369
1736
file47
8
1682
1704
726
295
1733
1414
1187
364
857
251
1724
210
564
1738
723
1193
1834
626
401
1945
325
1394
1366
806
file48
589
456
1047
795
1826
784
803
1860
840
1882
155
573
1648
1695
1290
505
1946
1366
1067
863
1104
1790
408
768
1161
file49
1235
1093
555
601
251
1144
1410
1651
291
1588
435
1447
1448
1275
1681
1956
200
1329
1842
1834
1949
1560
901
1164
664
file50
1043
1572
1955
1811
733
1542
1256
1640
496
1859
1136
258
1510
1428
1846
297
875
1294
1924
556
1250
125
1885
1253
319
file51
71
1555
1880
1324
719
896
367
644
1203
530
1729
746
1786
1370
1594
1645
858
1852
1508
286
1698
1805
1513
1344
1730
file52
421
947
207
658
200
878
729
107
758
53
1179
7
772
175
1210
1302
1904
308
1440
1626
1902
1086
485
106
946
file53
1123
1804
751
637
1501
833
1410
448
1392
69
1000
271
1150
1108
1381
1556
287
1388
328
462
951
1983
718
1259
1423
file54
345
1514
861
1182
1972
1807
657
129
911
1294
1630
1744
1057
78
1137
1126
1078
1760
628
186
1141
184
825
882
865
file55
1639
1833
848
358
1444
623
1055
1310
1485
589
1283
1644
1246
1412
555
893
1042
300
1950
1120
1789
1428
550
1549
56
file56
737
1042
241
1914
1924
1458
1554
109
658
264
1281
1319
1216
1118
260
499
763
1506
263
1318
399
1305
1970
701
777
file57
111
129
1328
12
186
417
1055
779
683
979
589
237
1089
1247
853
995
880
524
211
1999
784
711
1114
643
1326
file58
784
1042
632
1107
96
1761
1218
225
1441
1231
763
210
286
1894
894
1617
835
1483
1058
82
337
53
1315
1213
617
file59
1314
1998
1680
780
641
1006
1564
35
1638
1023
131
1752
242
709
1545
1825
1824
1756
463
71
1002
80
906
485
1491
file60
989
1174
1544
656
388
161
1970
738
1841
1102
1379
848
1018
1766
838
42
250
942
284
959
488
461
1135
596
924
file61
1206
1598
1356
113
435
847
1454
1962
744
110
702
1257
432
1440
1451
1886
1171
299
904
1289
1489
946
1539
784
1582
file62
850
1272
43
1986
1868
1319
1192
1818
676
1657
253
1875
1463
215
619
1925
1269
1877
709
1680
595
232
331
1500
1522
file63
1820
446
1413
956
29
264
228
424
250
448
1744
1794
618
772
1804
872
647
1267
1439
1619
1193
709
1848
254
1770
file64
1528
850
355
1859
350
229
31
1148
1642
988
1177
1906
1568
1954
508
369
1698
303
987
470
107
211
1469
1726
3
file65
1440
1271
1064
1288
1526
1186
816
376
1541
1027
1078
122
1059
226
1765
399
1404
23
1967
1358
532
688
1408
1187
1676
file66
230
1294
239
51
1372
242
1492
644
1306
780
522
493
1949
898
386
1328
1976
509
387
202
626
1138
1958
649
1458
file67
1668
1181
146
1428
720
174
1658
14
414
62
1739
656
1554
735
315
334
1257
1160
635
507
1546
1964
483
55
703
file68
1037
1033
1842
1348
1683
1300
1368
1216
1446
1149
1937
1621
1159
303
387
1221
42
1043
775
777
1710
1462
386
870
97
file69
893
417
61
1728
824
1117
766
1858
959
466
1893
259
186
1109
57
1335
1046
30
495
1702
1716
96
1813
492
874
file70
1523
306
1260
394
403
506
1163
817
234
339
1934
1352
549
893
1818
442
1504
5
1904
1913
1692
1302
1944
187
1004
file71
361
256
1101
526
748
327
50
1054
1939
796
1809
445
311
626
680
1002
912
32
1552
157
203
346
1661
560
250
file72
1927
252
1553
1871
440
557
584
1048
10
1111
148
337
1513
1554
277
661
1363
1074
1324
342
1754
326
1254
139
1878
file73
1764
342
225
1777
902
827
1704
1154
380
1575
1946
1290
160
994
1300
1623
1142
1990
1488
696
619
149
412
1693
1825
file74
754
1448
151
360
1587
382
124
1929
959
1902
1183
1786
1606
337
167
1534
636
1809
46
1630
1109
1669
1125
1451
1157
file75
173
70
1658
585
1764
1483
1339
1564
1986
52
1503
368
176
1432
1327
430
967
1466
37
1304
1633
1571
292
1794
1617
file76
275
1255
1638
1400
707
1147
1573
777
1157
159
893
992
1850
457
978
1902
1960
1347
431
1744
1026
861
711
492
898
file77
368
477
821
660
271
790
1287
1879
780
687
586
279
613
1363
1436
1124
609
428
974
1066
1759
1229
1027
1458
1660
file78
771
484
873
1835
1329
124
203
158
945
1215
782
88
503
661
868
1542
1247
1500
155
962
936
1631
1571
1717
958
file79
638
1476
187
17
934
199
1140
1770
1072
1327
1451
1196
1882
1610
494
1098
392
582
1953
1053
1802
1847
652
1654
355
file80
1614
591
1986
1538
660
944
528
488
1483
545
1422
34
37
1544
1107
1365
996
655
1247
606
1149
697
1350
83
1002
file81
403
238
850
1055
1892
1205
1021
835
1191
911
1495
488
1439
1983
323
336
1757
358
726
1302
1465
91
650
120
1690
file82
1608
1622
388
958
57
1390
1361
295
240
768
540
1797
141
1375
1341
1053
1223
1829
844
1558
152
1533
1316
510
259
file83
970
327
350
1972
800
40
1580
774
780
538
831
171
1899
1479
763
1019
19
561
1512
1746
254
917
969
83
1762
file84
528
587
1295
196
1450
1554
1166
129
256
1138
929
296
718
55
1429
1608
887
1600
1507
715
878
737
1628
390
835
file85
1882
1308
1805
317
1422
685
1257
1069
881
707
623
399
836
879
1889
118
1527
607
173
956
215
1412
908
74
130
file86
1976
1304
1219
1956
46
55
1839
1706
212
508
1128
897
1765
197
130
472
1172
529
1661
403
418
131
283
1377
656
file87
1591
1944
69
852
370
551
828
26
123
784
72
530
975
1779
1094
1484
1259
1991
1249
1809
473
74
981
1002
1735
file88
1737
1772
1866
20
1501
874
1611
1445
943
815
167
1847
1643
193
322
780
617
1204
107
396
298
1591
8
289
1193
file89
1817
762
1267
1150
116
1354
887
240
1572
1259
1741
446
1223
1538
1742
38
1705
1589
1682
250
263
814
867
1467
921
file90
1616
1765
865
1624
406
58
1441
1520
1325
591
1988
679
1831
228
251
1090
1969
697
313
1859
791
352
1916
732
386
file91
166
995
1200
1385
814
473
1001
579
1338
977
1337
1396
418
857
1073
1362
845
104
1193
1425
707
635
1746
1405
949
file92
1605
548
1653
1873
1281
39
276
1591
1777
1091
64
1130
22
1755
108
1360
1151
526
569
577
240
1415
681
1433
1192
file93
1389
69
939
1146
1370
896
1694
1023
770
975
1414
1161
1604
1005
938
695
1421
1069
1176
177
429
680
1055
999
1257
file94
1296
766
1938
1081
1958
1679
1502
1249
825
1224
146
872
247
916
1847
1661
77
1451
1018
1016
498
440
1437
1568
1616
file95
1966
349
296
1021
1348
1905
669
466
196
1751
777
1875
1605
26
1053
830
172
1925
1429
1088
1772
1443
1518
1576
461
file96
886
426
901
323
1994
870
289
696
1518
1662
396
1424
332
863
1620
435
1640
1847
392
18
900
1222
543
825
1004
file97
1983
950
447
1501
878
908
387
1304
162
1062
1651
1032
1351
347
902
1366
743
326
50
1958
298
837
1950
498
1229
file98
1969
1398
804
512
576
1808
847
1878
255
349
1108
1163
736
764
1677
151
415
709
1854
1114
1612
1220
210
290
1270
file99
168
941
107
471
1439
1689
440
1189
493
1304
117
653
151
347
908
852
1455
423
1941
572
101
92
1339
1162
1946
file100
454
1126
1519
1016
1769
789
1184
710
1249
1655
501
1290
447
42
1783
103
512
788
607
1211
1696
1811
1019
471
1752
file101
1591
924
196
930
87
143
1736
1565
1662
752
1334
803
289
396
404
296
897
1694
1096
1292
1829
1199
156
617
158
file102
1367
665
322
386
1137
74
1977
61
271
908
500
766
996
66
780
1749
1400
1935
38
1797
340
334
1046
1430
690
file103
216
982
846
1185
1492
214
1851
1814
952
1340
241
930
1753
864
190
254
1630
1186
672
762
1287
72
697
1325
221
file104
1389
1660
1620
1776
1442
310
1992
424
1509
1529
269
75
1380
83
1027
720
324
309
474
1188
499
1080
1170
38
1752
file105
1932
1325
176
982
651
398
371
663
370
147
457
1032
491
1234
541
21
1503
616
1753
1938
1996
826
263
305
1652
file106
1803
1157
732
1326
1195
836
1258
520
1012
592
1523
1762
964
538
132
1463
1348
1165
307
582
58
328
437
1027
433
file107
375
1023
1259
990
1328
911
1146
485
1995
472
32
831
82
905
196
675
428
1958
1639
1319
443
1454
667
1960
1761
file108
1601
370
441
38
1397
875
413
420
486
1756
101
1398
902
938
1745
1374
1323
929
1456
228
1125
131
1008
1435
122
file109
679
230
1577
1346
190
1690
947
913
132
1337
310
1007
1751
1083
1493
1507
1536
1243
409
826
989
135
149
1918
1591
file110
377
1395
1723
1738
830
197
417
1413
1774
116
1955
1465
1415
868
1949
753
1179
956
856
614
801
715
150
397
1476
file111
976
1738
1611
1126
8
1202
1855
1403
1277
1593
585
1475
11
1998
1601
127
306
1418
1542
1174
1367
647
353
323
1503
file112
967
1477
218
1469
226
1694
446
1964
1305
1924
1972
860
1779
1727
137
1725
664
1736
1015
1566
215
1321
984
109
495
file113
352
757
1201
1027
260
520
856
831
1990
1082
525
788
1046
183
712
1370
1043
491
1449
1532
216
466
1497
304
1481
file114
1063
871
1154
399
981
1
751
90
1202
131
702
75
987
1533
65
70
411
1205
1468
946
1917
1191
1989
760
992
file115
1873
1329
1458
1370
1633
1291
785
857
797
1537
190
799
288
280
353
771
1334
428
1759
1220
845
181
1983
50
1
file116
929
319
1192
1270
1080
537
1143
409
347
866
394
1639
3
1603
788
1540
1793
1587
181
425
1941
952
112
721
1063
file117
1332
1567
1244
1315
1969
1246
244
289
790
1514
1721
1327
1009
130
1675
1875
876
1666
231
480
454
1771
625
42
304
file118
1403
335
1257
1515
1056
672
847
975
1917
514
945
1163
758
1586
1953
624
1307
1281
1633
1789
1308
1861
1017
974
92
file119
1849
1428
215
475
1822
872
230
157
481
1745
1566
1153
592
541
1070
1458
1838
585
216
1424
539
1192
1083
172
1177
file120
872
1832
1038
242
806
1482
91
586
50
918
409
922
1148
1755
1245
484
908
189
1378
1979
1647
1216
564
215
993
file121
1455
1407
76
1979
585
1301
1811
1975
1895
969
1810
1986
1556
212
1257
317
1486
757
1235
1241
3
72
149
192
1450
file122
480
1840
1018
1397
55
11
1204
1815
440
1184
400
93
1347
727
1988
317
537
1974
1873
1101
1583
190
587
341
1777
file123
1828
696
201
330
888
3
810
1080
1022
559
1136
1385
1764
1303
177
1300
55
270
647
782
258
964
1672
585
837
file124
773
168
1379
1361
861
1509
1189
1557
1710
1519
446
66
682
1878
1088
1241
1366
825
1357
669
1003
657
724
1625
1305
file125
1507
1884
269
1531
469
1459
304
989
1190
1665
1851
1051
1207
1408
762
1078
206
828
1760
85
268
1354
1451
1445
711
file126
121
800
1369
845
426
1026
704
662
1295
235
1131
1106
540
120
649
557
323
1700
116
1732
814
1195
290
1642
1307
file127
375
262
1013
179
60
77
300
860
1446
1497
1638
824
554
471
789
1431
1578
1681
1904
579
591
227
279
707
311
file128
1094
254
602
1088
1914
1329
1703
1279
1508
1763
1356
160
975
1154
10
614
1978
564
914
450
1353
698
380
1387
954
file129
959
1978
1533
1238
1037
1845
684
1644
799
1773
1558
128
1828
837
1989
1591
546
149
918
1700
159
1532
1679
723
129
file130
429
1497
509
1816
803
1820
146
336
1058
1183
533
95
827
1332
220
737
1813
48
1927
1802
1991
473
303
909
525
file131
463
442
204
1538
1593
685
319
1442
1546
487
245
1366
633
581
777
169
1115
872
1348
799
1092
438
612
1140
365
file132
414
1131
1190
1070
392
1715
1533
1186
272
1423
779
957
95
221
504
582
818
222
1568
1752
999
89
1219
1871
1789
file133
18
1315
227
983
455
944
1749
1938
134
819
683
202
704
1869
474
128
649
1783
223
1222
639
1157
393
862
725
file134
145
213
1166
1364
437
956
1734
1752
1183
717
560
480
467
850
966
1286
1533
1168
1991
1403
1994
471
404
1778
1046
file135
1978
417
555
371
1279
1633
868
1493
799
584
282
1755
319
34
1291
1388
594
1771
207
1797
1089
1494
1330
258
1837
file136
1085
604
660
1489
382
58
1820
800
613
191
431
246
1412
276
1046
1996
558
1153
667
945
444
56
1891
567
263
file137
1688
9
109
1019
619
298
456
1223
958
1606
1016
118
758
1982
661
1541
228
73
1818
1626
70
728
780
737
1673
file138
1576
1145
1565
496
1409
1253
505
1870
624
1124
169
1433
347
1127
1731
305
1849
1063
478
510
957
1058
936
775
685
file139
1358
1503
1465
447
1529
1041
1593
1094
1537
1354
699
394
1224
1676
1518
1745
1109
218
1225
1192
523
1721
1939
551
1903
file140
896
1609
1191
23
294
549
1878
111
997
1759
1153
590
853
1042
296
1905
1789
1872
1933
1307
1618
1394
1877
843
586
file141
753
916
1979
692
1467
1882
1940
1428
1074
315
1723
1975
545
1834
972
305
1339
1914
1510
734
210
1415
523
435
1700
file142
182
53
1094
60
896
32
813
1812
11
1857
1631
1894
149
1059
1320
816
1134
1295
1361
1321
620
1666
1012
886
1177
file143
1746
1449
944
621
1884
645
1156
1937
91
1216
1185
124
381
1349
487
590
980
1091
391
53
1907
1526
1701
1268
847
file144
673
1287
211
1559
464
310
1008
1760
931
1244
757
87
1533
849
1655
718
1325
388
67
1812
978
1399
546
69
1791
file145
951
328
1669
1004
1597
868
1677
884
1079
1589
1700
1389
949
1460
673
194
218
1112
1727
1419
1120
446
1096
1508
865
file146
1260
839
617
1806
408
1110
1589
429
114
1538
1297
1792
774
728
1381
474
118
330
286
1143
876
856
255
604
627
file147
1727
1402
75
1236
619
1336
427
1494
1687
1644
604
1276
73
719
1166
1722
863
1940
451
596
766
921
1278
1405
64
file148
155
261
671
1111
1241
399
513
1316
1987
1132
1004
414
721
499
101
365
1455
1730
791
526
896
865
1389
837
337
file149
1603
589
1616
1008
1005
123
1622
1677
1586
1215
428
451
883
415
1583
1888
829
656
739
1282
1022
194
1012
165
721
file150
1909
1382
462
746
1051
800
701
1640
768
62
646
1243
36
675
829
1603
1103
1280
486
1518
1215
726
699
1872
1465
file151
1981
1246
1660
994
1763
381
1255
1145
843
353
196
1995
1054
189
763
1468
835
358
1856
1510
1187
1459
965
467
1946
file152
483
1683
672
1534
1907
138
1515
1153
150
509
916
883
1764
61
78
469
610
74
1524
799
1189
1344
1634
1548
1201
file153
1496
735
660
461
1555
958
1296
1590
1631
830
1497
121
697
650
623
1559
1918
1506
1675
331
1584
145
941
10
1669
file154
1740
1200
1365
1726
1100
566
1574
1835
1227
387
1742
537
1683
1332
168
865
829
641
1563
1831
1264
1122
1749
770
1149
file155
81
707
1294
1022
717
1315
1115
1917
681
1193
1017
1247
768
1205
826
1155
947
1364
1191
632
1884
56
1461
878
1971
file156
1645
142
1445
1394
1265
595
1827
1972
1889
1202
689
1205
317
959
1886
1510
328
1485
630
1885
664
1786
1185
380
977
file157
1817
264
1385
1630
1142
1709
1275
1637
1154
1022
902
101
849
1226
1991
51
267
1548
720
1786
583
1907
1271
1213
1792
file158
287
1351
1329
667
680
1146
932
66
777
426
127
404
63
1281
1426
1317
1735
628
543
78
1031
811
1626
104
389
file159
1412
687
296
1035
252
441
1675
1604
1770
342
284
917
1274
702
46
53
829
450
116
463
229
1786
198
857
329
file160
276
1888
1140
254
1992
1530
18
1031
178
1405
1284
619
1080
1240
742
1423
1876
1659
1049
931
57
1102
1760
859
1571
file161
575
1088
1357
773
1945
38
1401
186
1531
1655
530
1413
1673
1562
1591
1079
1198
563
159
790
1305
1582
666
1316
984
file162
1597
1373
86
1710
584
9
285
1673
1718
1411
1970
1757
812
508
1288
468
1039
701
493
953
644
1924
151
1559
84
file163
1293
864
18
1959
532
1002
1909
257
1441
1619
842
1802
256
515
1521
1667
837
1630
832
1346
918
1652
385
1971
145
file164
1690
967
70
1841
527
506
1486
1743
876
1445
276
1879
1706
885
1672
1677
1727
1474
286
594
1347
1953
1432
977
1137
file165
1130
247
789
1515
570
1287
1205
1538
1709
1398
417
215
884
512
1091
681
1140
1322
740
26
1346
105
821
1055
700
file166
168
1009
484
1498
498
1614
1745
1288
1481
316
927
1038
206
636
788
975
1203
24
1487
646
1057
628
1969
1797
654
file167
1667
567
1111
488
1622
1811
1009
983
647
507
1482
613
604
1122
94
920
401
1484
1478
1037
272
453
592
296
1941
file168
1238
1354
921
1559
1151
1927
1227
70
1038
67
1693
1202
1428
1028
1849
1935
510
815
892
1984
909
164
385
746
1643
file169
1774
1018
448
366
1315
741
1957
1021
1662
1868
524
1941
1095
595
980
1515
640
182
943
1668
383
1231
531
1198
123
file170
867
460
639
1253
1206
282
1027
224
731
1746
1891
1824
1703
1264
1487
1923
1789
1428
1371
736
760
886
1376
942
181
file171
1396
1678
1764
279
876
239
1147
1336
879
752
894
1161
131
1119
244
1877
1362
69
1932
627
1908
1856
768
1688
1227
file172
1504
449
465
1232
1743
646
980
1773
411
1260
650
759
338
1529
1511
1233
1043
1994
704
1639
224
418
60
156
1397
file173
1968
364
165
9
1943
1669
458
760
901
553
1759
234
327
522
1846
1329
1524
605
19
1054
468
1604
449
462
660
file174
440
686
1079
501
1195
476
469
1911
642
830
207
663
1640
967
1917
194
1078
151
873
1600
1997
202
1125
602
573
file175
531
1422
178
980
236
838
1420
923
1917
1921
470
746
743
733
1740
1925
940
403
1566
260
320
112
1338
823
985
file176
939
820
1539
416
1774
112
947
1196
290
1927
1785
1481
1699
1060
1750
1973
1530
496
1068
615
236
993
1556
992
911
file177
168
1664
1023
1858
488
8
1149
1308
1899
1565
1435
364
512
983
654
791
768
487
843
1828
238
816
1710
734
236
file178
326
1323
1581
234
315
493
402
1979
1516
260
467
1877
1762
128
1776
1327
1563
140
1840
898
1147
631
1667
1634
1474
file179
1495
224
642
1558
959
1230
1884
634
812
118
949
1657
872
1280
1173
1484
100
1402
1246
580
1531
574
495
23
766
file180
1393
1522
1397
1060
1157
1224
908
1381
218
466
692
1449
702
1326
613
1172
627
270
44
260
1795
1528
360
1550
1127
file181
940
1081
53
1787
1104
819
1180
627
568
593
136
144
1853
1869
363
671
914
164
1373
592
1129
545
1220
1751
941
file182
1480
1898
821
192
1448
1948
1484
529
1
1271
1986
1172
803
965
1741
1396
1453
1885
1249
1674
600
272
588
764
1645
file183
1181
1893
542
753
1996
1483
585
1895
657
777
1343
605
261
225
959
1884
563
131
687
1528
224
436
1333
110
37
file184
1007
710
310
1596
1827
307
1129
72
1202
234
69
1037
819
1964
1694
1948
1307
652
561
1532
1611
445
95
94
1484
file185
1975
319
1920
1308
429
1958
668
1491
620
264
1318
927
1745
1391
129
1979
1812
1167
1150
1776
861
1098
1083
1865
1659
file186
968
1476
104
1415
1923
1940
1743
242
1861
1403
1023
1819
71
866
439
687
185
1718
432
1928
1848
763
1740
1367
1913
file187
1868
580
1363
1303
446
1022
271
274
1478
39
197
1419
1782
439
1632
1537
1814
1451
1609
681
242
296
1218
312
1081
file188
1498
512
1844
1590
1879
110
1458
812
1825
1113
1610
848
1385
1884
678
1776
82
449
1910
873
81
1447
1040
1056
73
file189
478
1353
1291
791
786
1141
1303
982
731
1535
1444
541
347
1270
1654
1957
470
1391
193
1148
1519
275
1598
1429
1501
file190
1679
877
893
1916
285
966
394
1990
257
1185
776
1750
489
1759
833
376
1203
1726
723
473
1732
1032
943
1124
1225
file191
444
643
1853
394
425
1706
1654
599
341
1939
1565
736
1930
174
1921
1058
1924
762
1169
1109
1138
373
835
213
1198
file192
567
1245
494
43
823
1290
687
1028
1684
1464
734
109
1118
1685
451
1057
1602
1187
1339
1776
1460
398
52
223
1919
file193
1161
1361
292
348
1575
1843
915
1172
689
959
347
1979
1998
1375
15
1462
461
124
932
146
927
1989
1748
466
1681
file194
1876
1927
431
280
150
350
1793
1863
995
141
1790
1190
1409
1315
1879
368
1662
210
718
1390
225
180
1851
701
1112
file195
1998
1981
1453
98
447
1486
327
374
1917
607
876
620
401
1092
1615
894
882
805
303
549
1036
1023
212
1598
1741
file196
1602
175
273
1805
1228
1737
1803
1209
1191
254
1657
677
581
383
947
1540
1260
1567
293
352
1534
1586
691
1843
136
file197
1727
867
700
1325
960
654
1852
1234
459
1080
971
615
290
514
1221
299
1544
154
682
491
1694
1942
410
340
646
file198
1944
1880
585
635
75
1073
714
942
1773
391
255
427
243
1489
1238
1323
460
1853
1965
1327
1426
264
871
1580
947
file199
1362
1275
1241
1772
1967
240
68
1847
825
703
1922
1898
1769
1217
23
160
1472
802
755
1313
40
78
125
246
396
