0 11
0 12
0 19
0 27
0 28
0 49
0 59
0 60
0 71
0 81
0 84
0 97
0 123
0 124
0 128
0 151
0 163
0 189
0 193
0 197
0 198
0 210
0 211
0 238
0 253
0 273
0 280
0 289
0 306
0 321
0 336
0 340
0 343
0 358
0 360
0 363
0 364
0 367
0 368
0 378
0 379
0 385
0 386
0 403
0 407
0 422
0 425
0 428
0 434
0 436
0 460
0 492
0 498
0 499
0 504
0 524
0 540
0 542
0 545
0 550
0 568
0 569
0 570
0 579
0 590
0 613
0 624
0 629
0 630
0 644
0 661
0 667
0 675
0 681
0 688
0 690
0 709
0 713
0 723
0 732
0 736
0 743
0 746
0 756
0 763
0 771
0 782
0 788
0 795
0 818
0 846
0 856
0 857
0 868
0 884
0 886
0 894
0 925
0 928
0 936
0 939
0 964
0 973
0 975
0 984
0 994
0 1011
0 1029
0 1039
0 1042
0 1043
0 1057
0 1087
0 1091
0 1095
0 1121
0 1124
0 1127
0 1143
0 1152
0 1155
0 1159
0 1190
0 1219
0 1222
0 1226
0 1228
0 1229
0 1237
0 1248
0 1249
0 1255
0 1304
0 1305
0 1309
0 1313
0 1326
0 1327
0 1335
0 1340
0 1342
0 1348
0 1367
0 1393
0 1396
0 1403
0 1413
0 1421
0 1429
0 1432
0 1434
0 1437
0 1466
0 1474
0 1491
0 1500
0 1505
0 1528
0 1530
0 1601
0 1619
0 1626
0 1640
0 1648
0 1649
0 1652
0 1658
0 1659
0 1682
0 1692
0 1705
0 1708
0 1715
0 1725
0 1729
0 1746
0 1748
0 1761
0 1776
0 1784
0 1801
0 1808
0 1840
0 1860
0 1862
0 1873
0 1887
0 1899
0 1915
0 1936
0 1949
0 1961
0 1965
0 1972
0 1987
0 1990
0 1993
0 1996
0 2002
0 2009
0 2021
0 2034
0 2036
0 2062
0 2084
0 2090
0 2131
0 2133
0 2134
0 2172
0 2178
0 2183
0 2190
0 2199
0 2215
0 2227
0 2245
0 2255
0 2261
0 2269
0 2276
0 2281
0 2292
0 2298
0 2301
0 2305
0 2336
0 2343
0 2350
0 2353
0 2362
0 2369
0 2372
0 2373
0 2379
0 2399
0 2404
0 2422
0 2445
0 2460
0 2467
0 2468
0 2488
0 2497
0 2504
0 2505
0 2535
0 2539
0 2551
0 2556
0 2567
0 2587
0 2590
0 2600
0 2605
0 2618
0 2621
0 2625
0 2637
0 2647
0 2651
0 2669
0 2672
0 2684
0 2686
0 2697
0 2713
0 2721
0 2732
0 2739
0 2743
0 2753
0 2754
0 2763
0 2764
0 2777
0 2793
0 2796
0 2813
0 2828
0 2829
0 2842
0 2846
0 2856
0 2862
0 2871
0 2890
0 2900
0 2902
0 2904
0 2917
0 2921
0 2924
0 2926
0 2954
0 2959
0 2971
0 2981
0 2988
0 2996
0 3004
0 3023
0 3027
0 3031
0 3033
0 3036
0 3042
0 3046
0 3050
0 3058
0 3069
0 3082
0 3094
0 3097
0 3117
0 3135
0 3139
0 3142
0 3144
0 3149
0 3167
0 3168
0 3177
0 3190
0 3202
0 3205
0 3206
0 3209
0 3228
0 3235
0 3258
0 3270
0 3275
0 3282
0 3285
0 3303
0 3311
0 3315
0 3317
0 3324
0 3333
0 3335
0 3348
0 3365
0 3367
0 3368
0 3376
0 3390
0 3414
0 3416
0 3418
0 3426
0 3440
0 3444
0 3451
0 3452
0 3456
0 3464
0 3465
0 3490
0 3506
0 3522
0 3526
0 3537
0 3538
0 3541
0 3542
0 3555
0 3581
0 3584
0 3586
0 3606
0 3611
0 3622
0 3624
0 3626
0 3660
0 3690
0 3699
0 3729
0 3730
0 3736
0 3743
0 3750
0 3773
0 3776
0 3784
0 3788
0 3793
0 3804
0 3808
0 3810
0 3814
0 3819
0 3826
0 3829
0 3850
0 3858
0 3865
0 3872
0 3881
0 3895
0 3898
0 3899
0 3902
0 3920
0 3921
0 3926
0 3927
0 3929
0 3933
0 3940
0 3944
0 3980
0 3996
0 4022
0 4043
0 4067
0 4081
0 4107
0 4117
0 4125
0 4150
0 4157
0 4170
0 4172
0 4179
0 4188
0 4224
0 4228
0 4232
0 4234
0 4259
0 4286
0 4292
0 4299
0 4301
0 4320
0 4324
0 4336
0 4339
0 4340
0 4355
0 4370
0 4379
0 4383
0 4395
0 4412
0 4421
0 4428
0 4441
0 4443
0 4444
0 4470
0 4481
0 4497
0 4500
0 4503
0 4507
0 4524
0 4528
0 4529
0 4538
0 4567
0 4582
0 4586
0 4599
0 4613
0 4614
0 4668
0 4676
0 4677
0 4683
0 4689
0 4708
0 4729
0 4754
0 4756
0 4769
0 4772
0 4786
0 4794
0 4797
0 4802
0 4811
0 4818
0 4819
0 4841
0 4859
0 4878
0 4892
0 4904
0 4908
0 4914
0 4917
0 4919
0 4930
0 4932
0 4956
0 4958
1 0
1 8
1 21
1 32
1 37
1 49
1 53
1 54
1 55
1 57
1 72
1 81
1 82
1 90
1 99
1 100
1 105
1 115
1 126
1 127
1 147
1 153
1 154
1 171
1 179
1 181
1 196
1 199
1 217
1 218
1 223
1 226
1 235
1 236
1 237
1 253
1 262
1 266
1 269
1 270
1 294
1 297
1 308
1 325
1 334
1 337
1 346
1 347
1 350
1 352
1 358
1 379
1 399
1 404
1 415
1 417
1 421
1 433
1 443
1 478
1 482
1 483
1 486
1 511
1 528
1 537
1 543
1 551
1 563
1 569
1 573
1 578
1 595
1 596
1 606
1 639
1 640
1 657
1 691
1 699
1 710
1 720
1 729
1 774
1 775
1 776
1 783
1 791
1 797
1 805
1 820
1 821
1 830
1 849
1 853
1 856
1 857
1 865
1 871
1 873
1 888
1 907
1 910
1 925
1 928
1 930
1 952
1 967
1 989
1 990
1 991
1 997
1 1017
1 1041
1 1052
1 1059
1 1063
1 1081
1 1087
1 1100
1 1120
1 1127
1 1131
1 1136
1 1137
1 1139
1 1157
1 1171
1 1173
1 1189
1 1217
1 1232
1 1233
1 1244
1 1269
1 1272
1 1281
1 1298
1 1308
1 1309
1 1312
1 1328
1 1338
1 1342
1 1354
1 1355
1 1360
1 1364
1 1376
1 1388
1 1431
1 1445
1 1476
1 1486
1 1491
1 1494
1 1503
1 1506
1 1521
1 1532
1 1536
1 1539
1 1541
1 1552
1 1559
1 1574
1 1582
1 1590
1 1593
1 1607
1 1610
1 1620
1 1621
1 1651
1 1682
1 1703
1 1710
1 1717
1 1723
1 1728
1 1732
1 1761
1 1763
1 1776
1 1783
1 1787
1 1796
1 1805
1 1815
1 1836
1 1839
1 1850
1 1851
1 1852
1 1856
1 1873
1 1882
1 1886
1 1888
1 1892
1 1898
1 1924
1 1931
1 1947
1 1950
1 1962
1 1963
1 1970
1 1982
1 1987
1 2017
1 2030
1 2040
1 2057
1 2071
1 2084
1 2088
1 2090
1 2122
1 2195
1 2197
1 2205
1 2217
1 2231
1 2254
1 2260
1 2274
1 2278
1 2280
1 2283
1 2284
1 2290
1 2297
1 2314
1 2321
1 2325
1 2334
1 2335
1 2338
1 2350
1 2361
1 2375
1 2379
1 2386
1 2393
1 2398
1 2433
1 2439
1 2457
1 2462
1 2483
1 2487
1 2490
1 2491
1 2506
1 2516
1 2522
1 2525
1 2528
1 2532
1 2555
1 2560
1 2573
1 2587
1 2604
1 2622
1 2637
1 2641
1 2643
1 2647
1 2661
1 2665
1 2677
1 2685
1 2698
1 2715
1 2716
1 2722
1 2726
1 2735
1 2747
1 2757
1 2770
1 2805
1 2806
1 2814
1 2818
1 2857
1 2868
1 2888
1 2919
1 2949
1 2951
1 2954
1 2955
1 2957
1 2972
1 2982
1 3002
1 3025
1 3059
1 3067
1 3069
1 3073
1 3074
1 3093
1 3109
1 3130
1 3149
1 3157
1 3159
1 3172
1 3173
1 3179
1 3181
1 3184
1 3189
1 3195
1 3224
1 3263
1 3270
1 3283
1 3291
1 3324
1 3338
1 3341
1 3355
1 3363
1 3377
1 3378
1 3382
1 3398
1 3412
1 3417
1 3421
1 3428
1 3437
1 3458
1 3459
1 3483
1 3493
1 3499
1 3506
1 3512
1 3516
1 3518
1 3529
1 3537
1 3563
1 3566
1 3571
1 3574
1 3577
1 3589
1 3593
1 3614
1 3618
1 3627
1 3657
1 3662
1 3681
1 3682
1 3701
1 3711
1 3714
1 3720
1 3722
1 3740
1 3762
1 3768
1 3777
1 3794
1 3813
1 3825
1 3827
1 3828
1 3839
1 3858
1 3859
1 3860
1 3875
1 3890
1 3898
1 3943
1 3946
1 3950
1 3954
1 3955
1 3959
1 3969
1 3970
1 3976
1 3977
1 3981
1 3987
1 3993
1 4006
1 4010
1 4015
1 4016
1 4018
1 4021
1 4030
1 4036
1 4047
1 4051
1 4080
1 4086
1 4097
1 4098
1 4114
1 4116
1 4122
1 4126
1 4134
1 4154
1 4159
1 4172
1 4176
1 4181
1 4204
1 4207
1 4211
1 4214
1 4218
1 4225
1 4231
1 4234
1 4250
1 4262
1 4266
1 4278
1 4285
1 4289
1 4291
1 4292
1 4296
1 4310
1 4314
1 4334
1 4346
1 4365
1 4368
1 4390
1 4412
1 4415
1 4426
1 4427
1 4435
1 4438
1 4471
1 4479
1 4485
1 4517
1 4552
1 4566
1 4570
1 4580
1 4583
1 4593
1 4603
1 4610
1 4618
1 4631
1 4633
1 4639
1 4653
1 4672
1 4683
1 4685
1 4693
1 4708
1 4713
1 4744
1 4759
1 4762
1 4789
1 4790
1 4805
1 4812
1 4822
1 4847
1 4848
1 4850
1 4851
1 4857
1 4862
1 4904
1 4911
1 4916
1 4918
1 4932
1 4933
1 4934
1 4945
1 4977
1 4984
1 4985
1 4994
1 4999
2 2
2 3
2 11
2 19
2 26
2 30
2 49
2 50
2 62
2 83
2 94
2 97
2 100
2 109
2 115
2 128
2 139
2 140
2 152
2 155
2 159
2 164
2 165
2 172
2 183
2 185
2 186
2 187
2 192
2 196
2 205
2 216
2 244
2 269
2 279
2 323
2 325
2 340
2 344
2 353
2 354
2 356
2 358
2 361
2 381
2 383
2 393
2 404
2 417
2 431
2 435
2 472
2 474
2 487
2 494
2 495
2 516
2 519
2 528
2 551
2 559
2 562
2 568
2 569
2 570
2 596
2 609
2 624
2 625
2 629
2 634
2 635
2 636
2 669
2 676
2 677
2 710
2 725
2 735
2 757
2 763
2 801
2 812
2 821
2 825
2 844
2 853
2 879
2 883
2 897
2 902
2 905
2 921
2 938
2 948
2 951
2 952
2 960
2 981
2 994
2 1014
2 1032
2 1039
2 1062
2 1066
2 1075
2 1079
2 1086
2 1087
2 1092
2 1104
2 1107
2 1123
2 1125
2 1141
2 1142
2 1170
2 1171
2 1180
2 1183
2 1197
2 1202
2 1225
2 1238
2 1259
2 1267
2 1289
2 1295
2 1304
2 1312
2 1313
2 1317
2 1320
2 1339
2 1343
2 1349
2 1351
2 1353
2 1354
2 1366
2 1386
2 1421
2 1424
2 1440
2 1463
2 1472
2 1487
2 1489
2 1496
2 1499
2 1505
2 1506
2 1508
2 1513
2 1515
2 1519
2 1522
2 1527
2 1528
2 1535
2 1551
2 1560
2 1571
2 1579
2 1598
2 1608
2 1616
2 1626
2 1629
2 1631
2 1638
2 1641
2 1649
2 1652
2 1704
2 1709
2 1712
2 1726
2 1729
2 1742
2 1743
2 1745
2 1748
2 1763
2 1773
2 1784
2 1790
2 1794
2 1797
2 1799
2 1804
2 1814
2 1833
2 1837
2 1868
2 1876
2 1877
2 1892
2 1898
2 1900
2 1911
2 1912
2 1931
2 1948
2 1956
2 1966
2 1969
2 1980
2 1986
2 1988
2 1990
2 2013
2 2035
2 2042
2 2063
2 2069
2 2086
2 2088
2 2100
2 2107
2 2124
2 2131
2 2160
2 2181
2 2226
2 2251
2 2272
2 2279
2 2289
2 2300
2 2305
2 2326
2 2330
2 2334
2 2339
2 2346
2 2351
2 2373
2 2377
2 2386
2 2394
2 2395
2 2407
2 2408
2 2409
2 2418
2 2422
2 2437
2 2438
2 2443
2 2450
2 2464
2 2472
2 2475
2 2493
2 2496
2 2515
2 2530
2 2538
2 2540
2 2542
2 2543
2 2547
2 2553
2 2557
2 2581
2 2583
2 2587
2 2589
2 2603
2 2606
2 2621
2 2634
2 2639
2 2645
2 2659
2 2661
2 2667
2 2671
2 2690
2 2700
2 2719
2 2722
2 2723
2 2726
2 2733
2 2734
2 2741
2 2751
2 2760
2 2761
2 2763
2 2765
2 2776
2 2793
2 2829
2 2832
2 2833
2 2844
2 2853
2 2892
2 2906
2 2914
2 2930
2 2932
2 2933
2 2939
2 2995
2 3003
2 3010
2 3011
2 3018
2 3024
2 3036
2 3050
2 3083
2 3089
2 3091
2 3098
2 3107
2 3111
2 3124
2 3131
2 3133
2 3138
2 3141
2 3153
2 3156
2 3165
2 3171
2 3174
2 3179
2 3198
2 3232
2 3245
2 3257
2 3270
2 3286
2 3287
2 3292
2 3302
2 3329
2 3333
2 3339
2 3349
2 3364
2 3370
2 3378
2 3397
2 3403
2 3412
2 3418
2 3427
2 3433
2 3437
2 3446
2 3468
2 3469
2 3480
2 3484
2 3485
2 3498
2 3499
2 3506
2 3566
2 3569
2 3585
2 3590
2 3605
2 3610
2 3633
2 3638
2 3666
2 3679
2 3705
2 3708
2 3743
2 3752
2 3768
2 3775
2 3786
2 3787
2 3789
2 3816
2 3820
2 3823
2 3847
2 3860
2 3861
2 3878
2 3881
2 3886
2 3899
2 3902
2 3919
2 3925
2 3931
2 3933
2 3953
2 3957
2 3967
2 3972
2 3990
2 4010
2 4017
2 4029
2 4045
2 4053
2 4089
2 4095
2 4098
2 4100
2 4112
2 4123
2 4133
2 4140
2 4154
2 4156
2 4158
2 4166
2 4174
2 4207
2 4213
2 4220
2 4263
2 4264
2 4280
2 4294
2 4295
2 4300
2 4304
2 4313
2 4314
2 4315
2 4316
2 4342
2 4349
2 4355
2 4364
2 4387
2 4391
2 4393
2 4416
2 4421
2 4425
2 4426
2 4428
2 4447
2 4465
2 4484
2 4486
2 4492
2 4523
2 4547
2 4548
2 4559
2 4561
2 4562
2 4569
2 4571
2 4573
2 4584
2 4591
2 4613
2 4631
2 4643
2 4649
2 4650
2 4663
2 4664
2 4667
2 4673
2 4680
2 4683
2 4695
2 4718
2 4752
2 4794
2 4797
2 4800
2 4801
2 4802
2 4819
2 4829
2 4873
2 4875
2 4877
2 4882
2 4899
2 4912
2 4915
2 4919
2 4937
2 4939
2 4949
2 4954
2 4969
2 4976
2 4978
2 4986
3 10
3 12
3 14
3 15
3 17
3 18
3 34
3 37
3 52
3 63
3 114
3 127
3 136
3 139
3 140
3 151
3 158
3 164
3 169
3 190
3 212
3 213
3 220
3 236
3 265
3 282
3 292
3 296
3 323
3 325
3 335
3 339
3 353
3 358
3 360
3 361
3 367
3 374
3 375
3 382
3 392
3 400
3 435
3 444
3 457
3 461
3 464
3 490
3 504
3 511
3 512
3 520
3 523
3 525
3 528
3 529
3 538
3 550
3 563
3 567
3 569
3 589
3 596
3 602
3 614
3 631
3 647
3 661
3 699
3 732
3 740
3 743
3 751
3 754
3 767
3 769
3 775
3 776
3 800
3 815
3 840
3 861
3 869
3 873
3 900
3 916
3 926
3 930
3 936
3 949
3 950
3 960
3 981
3 1009
3 1023
3 1067
3 1071
3 1087
3 1088
3 1089
3 1090
3 1095
3 1117
3 1123
3 1127
3 1128
3 1135
3 1147
3 1157
3 1158
3 1161
3 1169
3 1180
3 1198
3 1229
3 1234
3 1238
3 1254
3 1260
3 1277
3 1280
3 1281
3 1287
3 1320
3 1350
3 1356
3 1368
3 1382
3 1384
3 1410
3 1417
3 1422
3 1433
3 1439
3 1465
3 1475
3 1484
3 1485
3 1487
3 1492
3 1502
3 1518
3 1520
3 1522
3 1530
3 1534
3 1546
3 1554
3 1576
3 1620
3 1625
3 1628
3 1630
3 1631
3 1633
3 1638
3 1653
3 1688
3 1690
3 1694
3 1707
3 1708
3 1735
3 1742
3 1754
3 1766
3 1768
3 1784
3 1788
3 1790
3 1794
3 1832
3 1839
3 1855
3 1862
3 1867
3 1884
3 1899
3 1906
3 1908
3 1925
3 1929
3 1937
3 1942
3 1951
3 1952
3 1956
3 1966
3 1968
3 1973
3 1974
3 1982
3 1983
3 1984
3 1996
3 1997
3 2000
3 2005
3 2025
3 2035
3 2036
3 2051
3 2052
3 2057
3 2071
3 2096
3 2111
3 2127
3 2132
3 2134
3 2135
3 2140
3 2142
3 2161
3 2173
3 2194
3 2205
3 2208
3 2209
3 2227
3 2235
3 2242
3 2255
3 2267
3 2280
3 2290
3 2293
3 2297
3 2308
3 2324
3 2335
3 2337
3 2348
3 2349
3 2351
3 2366
3 2371
3 2376
3 2377
3 2428
3 2433
3 2457
3 2458
3 2466
3 2470
3 2490
3 2494
3 2497
3 2499
3 2515
3 2525
3 2533
3 2538
3 2549
3 2553
3 2557
3 2563
3 2565
3 2569
3 2570
3 2589
3 2603
3 2623
3 2626
3 2629
3 2654
3 2660
3 2669
3 2676
3 2685
3 2686
3 2697
3 2708
3 2710
3 2721
3 2724
3 2728
3 2755
3 2781
3 2786
3 2790
3 2797
3 2798
3 2799
3 2802
3 2806
3 2811
3 2833
3 2836
3 2851
3 2854
3 2869
3 2880
3 2883
3 2894
3 2902
3 2924
3 2934
3 2949
3 2957
3 2958
3 2973
3 2976
3 2983
3 2984
3 2986
3 2996
3 2999
3 3000
3 3004
3 3008
3 3012
3 3014
3 3017
3 3021
3 3037
3 3043
3 3044
3 3062
3 3069
3 3072
3 3094
3 3134
3 3142
3 3147
3 3162
3 3165
3 3171
3 3223
3 3236
3 3260
3 3281
3 3293
3 3316
3 3320
3 3332
3 3341
3 3346
3 3371
3 3391
3 3401
3 3411
3 3413
3 3418
3 3421
3 3422
3 3428
3 3432
3 3439
3 3446
3 3447
3 3448
3 3461
3 3481
3 3482
3 3486
3 3500
3 3502
3 3534
3 3540
3 3542
3 3548
3 3566
3 3567
3 3582
3 3585
3 3596
3 3602
3 3605
3 3608
3 3616
3 3620
3 3630
3 3644
3 3660
3 3674
3 3681
3 3682
3 3693
3 3694
3 3696
3 3705
3 3720
3 3721
3 3738
3 3748
3 3759
3 3766
3 3780
3 3793
3 3799
3 3802
3 3807
3 3823
3 3826
3 3832
3 3834
3 3842
3 3861
3 3863
3 3865
3 3870
3 3878
3 3879
3 3923
3 3934
3 3941
3 3950
3 3958
3 3977
3 3978
3 3986
3 3989
3 3990
3 4013
3 4049
3 4057
3 4088
3 4090
3 4107
3 4114
3 4117
3 4128
3 4134
3 4163
3 4168
3 4169
3 4170
3 4187
3 4191
3 4204
3 4209
3 4221
3 4242
3 4260
3 4277
3 4292
3 4299
3 4303
3 4343
3 4396
3 4400
3 4401
3 4409
3 4410
3 4416
3 4422
3 4447
3 4451
3 4465
3 4492
3 4499
3 4503
3 4511
3 4535
3 4536
3 4540
3 4544
3 4545
3 4560
3 4562
3 4563
3 4569
3 4587
3 4628
3 4634
3 4636
3 4641
3 4673
3 4674
3 4683
3 4690
3 4697
3 4716
3 4719
3 4747
3 4759
3 4764
3 4780
3 4782
3 4795
3 4807
3 4810
3 4811
3 4813
3 4826
3 4833
3 4853
3 4854
3 4872
3 4876
3 4883
3 4887
3 4895
3 4901
3 4931
3 4942
3 4946
3 4955
3 4968
4 12
4 29
4 38
4 47
4 55
4 56
4 57
4 96
4 104
4 107
4 108
4 113
4 129
4 131
4 135
4 160
4 161
4 171
4 186
4 207
4 210
4 235
4 237
4 242
4 247
4 250
4 260
4 275
4 289
4 290
4 297
4 314
4 315
4 326
4 328
4 329
4 376
4 399
4 407
4 412
4 413
4 424
4 435
4 448
4 450
4 456
4 463
4 506
4 539
4 545
4 554
4 555
4 573
4 588
4 594
4 595
4 626
4 637
4 641
4 643
4 644
4 657
4 658
4 659
4 680
4 695
4 704
4 709
4 710
4 711
4 733
4 737
4 738
4 744
4 752
4 760
4 763
4 768
4 769
4 772
4 789
4 804
4 806
4 807
4 820
4 834
4 838
4 841
4 848
4 857
4 859
4 875
4 878
4 880
4 904
4 911
4 914
4 946
4 947
4 958
4 959
4 972
4 1000
4 1002
4 1006
4 1007
4 1008
4 1018
4 1035
4 1042
4 1071
4 1114
4 1120
4 1142
4 1175
4 1187
4 1206
4 1227
4 1228
4 1229
4 1238
4 1246
4 1249
4 1250
4 1251
4 1257
4 1264
4 1272
4 1286
4 1299
4 1302
4 1305
4 1310
4 1318
4 1335
4 1355
4 1358
4 1379
4 1392
4 1394
4 1410
4 1414
4 1423
4 1448
4 1467
4 1499
4 1514
4 1544
4 1549
4 1550
4 1554
4 1555
4 1556
4 1564
4 1618
4 1619
4 1628
4 1632
4 1634
4 1644
4 1647
4 1648
4 1657
4 1662
4 1676
4 1701
4 1709
4 1718
4 1733
4 1736
4 1746
4 1758
4 1761
4 1770
4 1786
4 1794
4 1796
4 1801
4 1848
4 1850
4 1853
4 1859
4 1886
4 1892
4 1894
4 1901
4 1924
4 1926
4 1946
4 1955
4 1977
4 1983
4 1989
4 2014
4 2029
4 2034
4 2042
4 2043
4 2053
4 2055
4 2069
4 2082
4 2086
4 2089
4 2110
4 2111
4 2123
4 2126
4 2137
4 2195
4 2200
4 2210
4 2218
4 2231
4 2250
4 2251
4 2254
4 2257
4 2259
4 2265
4 2271
4 2283
4 2290
4 2294
4 2300
4 2302
4 2308
4 2313
4 2319
4 2324
4 2331
4 2344
4 2345
4 2362
4 2366
4 2417
4 2428
4 2432
4 2440
4 2481
4 2496
4 2500
4 2505
4 2508
4 2572
4 2582
4 2596
4 2601
4 2630
4 2631
4 2638
4 2645
4 2651
4 2682
4 2698
4 2699
4 2700
4 2709
4 2711
4 2718
4 2719
4 2724
4 2736
4 2738
4 2744
4 2756
4 2772
4 2775
4 2780
4 2784
4 2795
4 2805
4 2811
4 2824
4 2834
4 2835
4 2847
4 2850
4 2854
4 2889
4 2902
4 2904
4 2942
4 2945
4 2946
4 2967
4 2986
4 2998
4 3007
4 3023
4 3042
4 3053
4 3058
4 3069
4 3078
4 3082
4 3090
4 3102
4 3106
4 3107
4 3109
4 3129
4 3150
4 3155
4 3179
4 3182
4 3184
4 3193
4 3203
4 3215
4 3232
4 3241
4 3253
4 3256
4 3258
4 3263
4 3264
4 3287
4 3291
4 3294
4 3313
4 3319
4 3325
4 3337
4 3364
4 3370
4 3381
4 3388
4 3408
4 3428
4 3430
4 3441
4 3444
4 3447
4 3454
4 3458
4 3483
4 3485
4 3488
4 3489
4 3491
4 3495
4 3510
4 3513
4 3522
4 3530
4 3542
4 3555
4 3558
4 3579
4 3589
4 3598
4 3617
4 3623
4 3628
4 3640
4 3641
4 3656
4 3669
4 3681
4 3709
4 3726
4 3751
4 3766
4 3777
4 3784
4 3790
4 3803
4 3804
4 3818
4 3825
4 3842
4 3846
4 3852
4 3858
4 3860
4 3863
4 3865
4 3868
4 3877
4 3880
4 3882
4 3906
4 3924
4 3925
4 3944
4 3949
4 3956
4 3970
4 3979
4 4031
4 4042
4 4067
4 4071
4 4078
4 4080
4 4093
4 4096
4 4105
4 4107
4 4118
4 4125
4 4136
4 4141
4 4144
4 4161
4 4164
4 4174
4 4186
4 4192
4 4200
4 4210
4 4211
4 4213
4 4216
4 4225
4 4260
4 4267
4 4269
4 4281
4 4284
4 4286
4 4295
4 4319
4 4328
4 4350
4 4353
4 4356
4 4366
4 4367
4 4369
4 4388
4 4401
4 4410
4 4421
4 4433
4 4435
4 4439
4 4440
4 4443
4 4446
4 4448
4 4451
4 4461
4 4462
4 4463
4 4472
4 4485
4 4490
4 4501
4 4513
4 4524
4 4528
4 4551
4 4556
4 4560
4 4564
4 4565
4 4589
4 4595
4 4617
4 4619
4 4639
4 4651
4 4664
4 4680
4 4683
4 4684
4 4702
4 4712
4 4723
4 4729
4 4730
4 4758
4 4763
4 4779
4 4781
4 4826
4 4833
4 4835
4 4840
4 4848
4 4853
4 4856
4 4861
4 4872
4 4878
4 4882
4 4885
4 4893
4 4896
4 4927
4 4950
4 4951
4 4956
4 4962
4 4963
4 4970
4 4995
4 4999
5 5
5 14
5 27
5 33
5 42
5 57
5 62
5 66
5 96
5 98
5 107
5 109
5 120
5 122
5 124
5 148
5 160
5 186
5 191
5 205
5 229
5 239
5 247
5 250
5 254
5 259
5 260
5 334
5 336
5 347
5 360
5 361
5 365
5 368
5 386
5 403
5 404
5 417
5 429
5 430
5 432
5 439
5 450
5 469
5 483
5 488
5 492
5 494
5 500
5 504
5 512
5 513
5 526
5 532
5 538
5 540
5 544
5 573
5 587
5 591
5 608
5 617
5 655
5 658
5 668
5 688
5 703
5 707
5 720
5 739
5 764
5 770
5 777
5 780
5 782
5 802
5 805
5 816
5 827
5 835
5 868
5 870
5 871
5 892
5 911
5 913
5 927
5 946
5 958
5 959
5 986
5 987
5 992
5 1002
5 1004
5 1010
5 1032
5 1034
5 1043
5 1048
5 1052
5 1053
5 1055
5 1083
5 1101
5 1109
5 1124
5 1125
5 1138
5 1142
5 1149
5 1154
5 1160
5 1166
5 1174
5 1186
5 1187
5 1230
5 1234
5 1240
5 1252
5 1254
5 1256
5 1271
5 1288
5 1295
5 1306
5 1311
5 1324
5 1327
5 1335
5 1342
5 1352
5 1386
5 1387
5 1388
5 1414
5 1440
5 1442
5 1448
5 1451
5 1457
5 1466
5 1484
5 1503
5 1509
5 1510
5 1528
5 1533
5 1554
5 1558
5 1564
5 1568
5 1571
5 1585
5 1614
5 1631
5 1636
5 1642
5 1676
5 1687
5 1698
5 1704
5 1711
5 1728
5 1737
5 1744
5 1748
5 1754
5 1759
5 1763
5 1765
5 1768
5 1771
5 1790
5 1794
5 1796
5 1809
5 1825
5 1842
5 1850
5 1873
5 1878
5 1879
5 1882
5 1898
5 1902
5 1929
5 1978
5 1994
5 2019
5 2037
5 2040
5 2050
5 2055
5 2061
5 2074
5 2111
5 2124
5 2140
5 2141
5 2152
5 2159
5 2167
5 2173
5 2176
5 2177
5 2187
5 2196
5 2199
5 2203
5 2211
5 2216
5 2223
5 2247
5 2256
5 2275
5 2277
5 2292
5 2302
5 2315
5 2326
5 2327
5 2329
5 2346
5 2350
5 2363
5 2368
5 2376
5 2382
5 2408
5 2431
5 2436
5 2446
5 2458
5 2470
5 2479
5 2483
5 2493
5 2495
5 2507
5 2508
5 2523
5 2534
5 2541
5 2546
5 2553
5 2571
5 2575
5 2584
5 2586
5 2587
5 2606
5 2610
5 2619
5 2622
5 2638
5 2644
5 2649
5 2652
5 2654
5 2660
5 2661
5 2669
5 2683
5 2690
5 2692
5 2715
5 2716
5 2717
5 2746
5 2754
5 2757
5 2774
5 2775
5 2780
5 2797
5 2813
5 2831
5 2835
5 2850
5 2861
5 2878
5 2893
5 2904
5 2912
5 2929
5 2934
5 2936
5 2937
5 2944
5 2949
5 2953
5 2958
5 2959
5 2964
5 2983
5 3002
5 3003
5 3019
5 3023
5 3026
5 3046
5 3051
5 3053
5 3054
5 3059
5 3064
5 3078
5 3088
5 3107
5 3146
5 3155
5 3157
5 3158
5 3159
5 3163
5 3181
5 3183
5 3187
5 3202
5 3215
5 3221
5 3226
5 3238
5 3242
5 3271
5 3279
5 3287
5 3290
5 3295
5 3302
5 3308
5 3323
5 3327
5 3328
5 3337
5 3339
5 3342
5 3348
5 3355
5 3363
5 3368
5 3375
5 3380
5 3390
5 3392
5 3394
5 3399
5 3400
5 3403
5 3417
5 3422
5 3428
5 3440
5 3445
5 3458
5 3466
5 3503
5 3545
5 3549
5 3554
5 3557
5 3560
5 3580
5 3582
5 3606
5 3608
5 3609
5 3613
5 3621
5 3623
5 3626
5 3628
5 3630
5 3633
5 3658
5 3661
5 3697
5 3702
5 3718
5 3726
5 3764
5 3766
5 3786
5 3800
5 3817
5 3824
5 3829
5 3847
5 3858
5 3882
5 3893
5 3899
5 3902
5 3939
5 3954
5 3962
5 3970
5 3988
5 3990
5 4017
5 4021
5 4027
5 4030
5 4037
5 4046
5 4055
5 4057
5 4070
5 4072
5 4083
5 4091
5 4097
5 4117
5 4129
5 4139
5 4147
5 4148
5 4149
5 4151
5 4157
5 4171
5 4196
5 4225
5 4255
5 4257
5 4294
5 4296
5 4300
5 4303
5 4304
5 4316
5 4337
5 4339
5 4341
5 4350
5 4358
5 4361
5 4369
5 4372
5 4390
5 4412
5 4428
5 4451
5 4462
5 4465
5 4476
5 4477
5 4488
5 4492
5 4495
5 4506
5 4507
5 4522
5 4526
5 4528
5 4538
5 4542
5 4552
5 4554
5 4561
5 4600
5 4626
5 4635
5 4638
5 4650
5 4656
5 4660
5 4680
5 4693
5 4696
5 4710
5 4718
5 4735
5 4762
5 4777
5 4780
5 4809
5 4818
5 4821
5 4835
5 4844
5 4874
5 4887
5 4893
5 4902
5 4906
5 4917
5 4944
5 4945
5 4958
5 4960
5 4967
5 4969
5 4972
5 4974
5 4976
5 4986
5 4996
6 23
6 32
6 38
6 39
6 66
6 69
6 77
6 90
6 107
6 108
6 116
6 117
6 128
6 150
6 162
6 168
6 170
6 172
6 176
6 177
6 192
6 193
6 212
6 223
6 229
6 257
6 258
6 259
6 263
6 281
6 290
6 296
6 304
6 310
6 313
6 322
6 338
6 349
6 351
6 352
6 366
6 371
6 380
6 389
6 396
6 412
6 418
6 421
6 424
6 440
6 457
6 498
6 509
6 512
6 530
6 541
6 572
6 579
6 591
6 605
6 607
6 612
6 630
6 651
6 662
6 679
6 696
6 706
6 736
6 737
6 749
6 752
6 753
6 762
6 765
6 772
6 788
6 789
6 791
6 804
6 829
6 839
6 845
6 847
6 866
6 867
6 872
6 879
6 881
6 887
6 889
6 908
6 930
6 932
6 941
6 943
6 969
6 975
6 982
6 991
6 1005
6 1008
6 1018
6 1021
6 1022
6 1026
6 1046
6 1053
6 1055
6 1072
6 1083
6 1101
6 1123
6 1130
6 1131
6 1143
6 1146
6 1151
6 1156
6 1162
6 1185
6 1196
6 1210
6 1211
6 1214
6 1215
6 1240
6 1249
6 1255
6 1270
6 1289
6 1298
6 1304
6 1305
6 1323
6 1332
6 1334
6 1337
6 1347
6 1386
6 1387
6 1392
6 1396
6 1400
6 1404
6 1414
6 1423
6 1425
6 1429
6 1440
6 1443
6 1455
6 1471
6 1498
6 1499
6 1503
6 1508
6 1520
6 1527
6 1548
6 1568
6 1569
6 1572
6 1577
6 1589
6 1591
6 1605
6 1607
6 1616
6 1617
6 1643
6 1652
6 1653
6 1655
6 1656
6 1660
6 1663
6 1665
6 1682
6 1689
6 1694
6 1707
6 1742
6 1746
6 1751
6 1766
6 1770
6 1776
6 1780
6 1797
6 1811
6 1825
6 1826
6 1828
6 1847
6 1865
6 1870
6 1873
6 1905
6 1925
6 1938
6 1939
6 1950
6 1956
6 1976
6 1977
6 1996
6 2001
6 2004
6 2016
6 2027
6 2046
6 2058
6 2061
6 2069
6 2072
6 2074
6 2092
6 2094
6 2096
6 2103
6 2104
6 2108
6 2114
6 2118
6 2126
6 2147
6 2151
6 2158
6 2161
6 2163
6 2166
6 2172
6 2184
6 2186
6 2190
6 2196
6 2197
6 2219
6 2224
6 2247
6 2249
6 2267
6 2269
6 2283
6 2289
6 2296
6 2298
6 2304
6 2322
6 2334
6 2339
6 2340
6 2360
6 2367
6 2377
6 2386
6 2396
6 2415
6 2424
6 2426
6 2429
6 2433
6 2441
6 2442
6 2451
6 2461
6 2484
6 2493
6 2500
6 2502
6 2529
6 2551
6 2565
6 2591
6 2592
6 2616
6 2617
6 2620
6 2640
6 2661
6 2669
6 2679
6 2690
6 2694
6 2695
6 2697
6 2705
6 2709
6 2710
6 2720
6 2743
6 2752
6 2753
6 2766
6 2777
6 2779
6 2783
6 2803
6 2808
6 2809
6 2830
6 2836
6 2851
6 2854
6 2857
6 2875
6 2878
6 2886
6 2900
6 2902
6 2908
6 2916
6 2930
6 2935
6 2950
6 2958
6 2975
6 2988
6 3002
6 3018
6 3020
6 3032
6 3050
6 3055
6 3064
6 3073
6 3074
6 3075
6 3080
6 3088
6 3130
6 3137
6 3151
6 3167
6 3188
6 3193
6 3200
6 3216
6 3220
6 3241
6 3250
6 3251
6 3254
6 3257
6 3263
6 3326
6 3354
6 3362
6 3370
6 3386
6 3398
6 3399
6 3437
6 3445
6 3447
6 3466
6 3472
6 3473
6 3474
6 3491
6 3492
6 3501
6 3518
6 3520
6 3523
6 3604
6 3611
6 3616
6 3623
6 3624
6 3651
6 3661
6 3662
6 3680
6 3681
6 3685
6 3696
6 3697
6 3707
6 3732
6 3736
6 3764
6 3769
6 3780
6 3784
6 3814
6 3817
6 3836
6 3837
6 3846
6 3847
6 3852
6 3864
6 3874
6 3897
6 3901
6 3916
6 3921
6 3924
6 3938
6 3941
6 3952
6 3958
6 3969
6 3983
6 3994
6 3995
6 3999
6 4012
6 4019
6 4026
6 4039
6 4042
6 4062
6 4081
6 4087
6 4091
6 4107
6 4130
6 4157
6 4173
6 4189
6 4193
6 4195
6 4199
6 4204
6 4221
6 4222
6 4228
6 4234
6 4240
6 4259
6 4271
6 4276
6 4287
6 4289
6 4292
6 4309
6 4317
6 4324
6 4325
6 4326
6 4340
6 4347
6 4348
6 4349
6 4385
6 4389
6 4398
6 4403
6 4405
6 4406
6 4415
6 4418
6 4422
6 4430
6 4435
6 4439
6 4446
6 4454
6 4467
6 4471
6 4518
6 4519
6 4526
6 4529
6 4538
6 4543
6 4576
6 4591
6 4635
6 4672
6 4677
6 4732
6 4735
6 4741
6 4755
6 4762
6 4765
6 4772
6 4777
6 4814
6 4815
6 4825
6 4831
6 4847
6 4852
6 4859
6 4863
6 4896
6 4908
6 4944
6 4946
6 4949
6 4966
6 4981
6 4982
6 4992
6 4996
7 1
7 13
7 18
7 27
7 56
7 58
7 70
7 76
7 77
7 82
7 85
7 90
7 93
7 116
7 127
7 131
7 149
7 168
7 177
7 191
7 196
7 205
7 215
7 231
7 246
7 262
7 268
7 270
7 277
7 291
7 300
7 304
7 306
7 310
7 323
7 327
7 330
7 332
7 352
7 353
7 366
7 370
7 397
7 407
7 411
7 415
7 437
7 440
7 445
7 451
7 458
7 469
7 471
7 482
7 497
7 507
7 533
7 542
7 557
7 587
7 592
7 601
7 611
7 625
7 638
7 696
7 702
7 715
7 721
7 723
7 727
7 736
7 738
7 745
7 751
7 757
7 758
7 773
7 789
7 797
7 799
7 800
7 801
7 811
7 824
7 830
7 845
7 861
7 868
7 876
7 895
7 938
7 941
7 946
7 947
7 952
7 955
7 964
7 974
7 979
7 988
7 995
7 1003
7 1008
7 1009
7 1026
7 1027
7 1050
7 1055
7 1065
7 1066
7 1072
7 1083
7 1092
7 1130
7 1131
7 1135
7 1136
7 1148
7 1149
7 1174
7 1179
7 1181
7 1189
7 1192
7 1197
7 1204
7 1216
7 1220
7 1226
7 1235
7 1242
7 1243
7 1257
7 1258
7 1290
7 1300
7 1305
7 1307
7 1308
7 1317
7 1354
7 1361
7 1367
7 1375
7 1378
7 1409
7 1413
7 1418
7 1424
7 1426
7 1428
7 1433
7 1449
7 1454
7 1456
7 1463
7 1466
7 1475
7 1477
7 1493
7 1514
7 1537
7 1538
7 1541
7 1557
7 1567
7 1577
7 1583
7 1585
7 1586
7 1601
7 1614
7 1647
7 1649
7 1665
7 1666
7 1675
7 1679
7 1690
7 1710
7 1712
7 1721
7 1738
7 1745
7 1756
7 1757
7 1777
7 1782
7 1845
7 1851
7 1856
7 1872
7 1884
7 1917
7 1929
7 1945
7 1953
7 1964
7 1975
7 1989
7 2001
7 2008
7 2011
7 2023
7 2038
7 2042
7 2050
7 2051
7 2060
7 2063
7 2070
7 2080
7 2101
7 2106
7 2120
7 2125
7 2157
7 2172
7 2177
7 2184
7 2190
7 2192
7 2206
7 2207
7 2212
7 2215
7 2241
7 2244
7 2269
7 2280
7 2281
7 2288
7 2300
7 2303
7 2307
7 2328
7 2329
7 2347
7 2353
7 2357
7 2374
7 2395
7 2397
7 2400
7 2408
7 2409
7 2417
7 2420
7 2441
7 2450
7 2454
7 2455
7 2459
7 2472
7 2475
7 2485
7 2486
7 2507
7 2509
7 2536
7 2540
7 2559
7 2564
7 2566
7 2582
7 2585
7 2591
7 2603
7 2633
7 2639
7 2667
7 2669
7 2672
7 2675
7 2732
7 2760
7 2771
7 2774
7 2779
7 2788
7 2806
7 2822
7 2828
7 2849
7 2857
7 2860
7 2873
7 2878
7 2888
7 2905
7 2917
7 2918
7 2956
7 2964
7 2974
7 2975
7 2981
7 2983
7 2990
7 2992
7 2998
7 3003
7 3007
7 3015
7 3017
7 3022
7 3032
7 3038
7 3043
7 3046
7 3055
7 3063
7 3075
7 3078
7 3080
7 3101
7 3116
7 3121
7 3131
7 3132
7 3143
7 3146
7 3163
7 3165
7 3179
7 3190
7 3195
7 3201
7 3202
7 3216
7 3228
7 3230
7 3235
7 3244
7 3259
7 3289
7 3295
7 3301
7 3307
7 3315
7 3321
7 3328
7 3341
7 3348
7 3369
7 3377
7 3385
7 3394
7 3397
7 3398
7 3399
7 3425
7 3428
7 3435
7 3446
7 3480
7 3484
7 3486
7 3503
7 3514
7 3515
7 3520
7 3525
7 3532
7 3537
7 3539
7 3540
7 3556
7 3566
7 3585
7 3586
7 3624
7 3642
7 3664
7 3694
7 3700
7 3704
7 3711
7 3724
7 3725
7 3751
7 3761
7 3762
7 3764
7 3785
7 3790
7 3810
7 3814
7 3825
7 3837
7 3840
7 3847
7 3855
7 3856
7 3860
7 3866
7 3871
7 3873
7 3875
7 3908
7 3918
7 3922
7 3924
7 3929
7 3960
7 3967
7 3969
7 3976
7 3984
7 3989
7 3990
7 3993
7 4003
7 4011
7 4082
7 4083
7 4088
7 4091
7 4109
7 4112
7 4122
7 4126
7 4132
7 4137
7 4150
7 4153
7 4154
7 4183
7 4189
7 4190
7 4201
7 4215
7 4218
7 4230
7 4245
7 4257
7 4260
7 4270
7 4305
7 4317
7 4319
7 4323
7 4334
7 4335
7 4337
7 4346
7 4347
7 4370
7 4375
7 4379
7 4403
7 4409
7 4428
7 4443
7 4458
7 4465
7 4468
7 4469
7 4476
7 4481
7 4491
7 4495
7 4497
7 4519
7 4531
7 4537
7 4554
7 4593
7 4625
7 4633
7 4639
7 4657
7 4662
7 4672
7 4682
7 4753
7 4755
7 4759
7 4771
7 4788
7 4793
7 4815
7 4826
7 4828
7 4831
7 4832
7 4838
7 4861
7 4875
7 4902
7 4911
7 4913
7 4918
7 4949
7 4958
7 4969
7 4972
7 4986
7 4987
8 8
8 12
8 42
8 46
8 48
8 53
8 58
8 73
8 75
8 79
8 87
8 96
8 112
8 114
8 115
8 118
8 128
8 143
8 154
8 159
8 166
8 177
8 182
8 194
8 202
8 222
8 238
8 244
8 254
8 255
8 258
8 260
8 272
8 279
8 286
8 305
8 310
8 319
8 336
8 347
8 356
8 380
8 387
8 388
8 389
8 392
8 405
8 409
8 431
8 449
8 474
8 496
8 508
8 510
8 513
8 518
8 533
8 546
8 549
8 558
8 567
8 579
8 584
8 591
8 593
8 613
8 619
8 633
8 639
8 661
8 685
8 700
8 707
8 717
8 721
8 727
8 734
8 737
8 746
8 755
8 758
8 771
8 775
8 799
8 800
8 818
8 820
8 843
8 872
8 886
8 896
8 903
8 905
8 921
8 957
8 959
8 975
8 978
8 994
8 1019
8 1034
8 1053
8 1058
8 1063
8 1064
8 1070
8 1089
8 1091
8 1094
8 1110
8 1118
8 1128
8 1134
8 1149
8 1153
8 1169
8 1186
8 1191
8 1204
8 1216
8 1220
8 1221
8 1224
8 1228
8 1236
8 1246
8 1263
8 1276
8 1296
8 1330
8 1336
8 1353
8 1366
8 1371
8 1381
8 1382
8 1388
8 1391
8 1408
8 1412
8 1429
8 1431
8 1442
8 1446
8 1447
8 1450
8 1456
8 1480
8 1489
8 1497
8 1504
8 1533
8 1545
8 1546
8 1568
8 1586
8 1590
8 1596
8 1614
8 1617
8 1621
8 1624
8 1645
8 1667
8 1679
8 1683
8 1688
8 1692
8 1699
8 1700
8 1727
8 1728
8 1737
8 1749
8 1752
8 1753
8 1757
8 1759
8 1763
8 1766
8 1803
8 1806
8 1813
8 1816
8 1820
8 1827
8 1834
8 1847
8 1865
8 1868
8 1878
8 1894
8 1896
8 1914
8 1927
8 1931
8 1933
8 1940
8 1958
8 1979
8 1991
8 1996
8 1997
8 2032
8 2041
8 2046
8 2056
8 2059
8 2073
8 2091
8 2092
8 2095
8 2109
8 2140
8 2155
8 2166
8 2183
8 2218
8 2223
8 2227
8 2236
8 2276
8 2286
8 2287
8 2298
8 2303
8 2315
8 2320
8 2329
8 2354
8 2364
8 2381
8 2393
8 2394
8 2402
8 2404
8 2414
8 2423
8 2427
8 2438
8 2460
8 2463
8 2464
8 2467
8 2473
8 2478
8 2496
8 2503
8 2510
8 2523
8 2526
8 2537
8 2538
8 2560
8 2565
8 2578
8 2582
8 2590
8 2597
8 2604
8 2612
8 2618
8 2620
8 2633
8 2649
8 2655
8 2666
8 2671
8 2677
8 2681
8 2687
8 2704
8 2715
8 2723
8 2734
8 2773
8 2783
8 2789
8 2792
8 2799
8 2816
8 2819
8 2845
8 2853
8 2856
8 2857
8 2869
8 2876
8 2877
8 2882
8 2891
8 2916
8 2918
8 2944
8 2945
8 2951
8 2972
8 2978
8 2980
8 2983
8 2989
8 2991
8 2999
8 3009
8 3016
8 3023
8 3037
8 3060
8 3088
8 3094
8 3111
8 3124
8 3127
8 3129
8 3149
8 3156
8 3157
8 3160
8 3185
8 3190
8 3191
8 3210
8 3211
8 3219
8 3225
8 3241
8 3245
8 3261
8 3268
8 3295
8 3297
8 3305
8 3311
8 3315
8 3316
8 3319
8 3399
8 3403
8 3415
8 3428
8 3435
8 3444
8 3465
8 3474
8 3487
8 3493
8 3494
8 3505
8 3509
8 3529
8 3533
8 3538
8 3541
8 3558
8 3564
8 3576
8 3589
8 3593
8 3594
8 3606
8 3627
8 3631
8 3644
8 3669
8 3673
8 3698
8 3700
8 3723
8 3731
8 3745
8 3760
8 3777
8 3778
8 3780
8 3789
8 3797
8 3799
8 3812
8 3828
8 3837
8 3849
8 3850
8 3863
8 3870
8 3871
8 3872
8 3884
8 3904
8 3907
8 3914
8 3936
8 3940
8 3954
8 3966
8 3978
8 4004
8 4010
8 4011
8 4018
8 4041
8 4067
8 4069
8 4070
8 4074
8 4085
8 4089
8 4094
8 4095
8 4109
8 4111
8 4120
8 4124
8 4131
8 4145
8 4146
8 4153
8 4168
8 4192
8 4207
8 4213
8 4218
8 4222
8 4223
8 4227
8 4253
8 4278
8 4279
8 4282
8 4291
8 4294
8 4298
8 4307
8 4321
8 4325
8 4328
8 4330
8 4332
8 4339
8 4348
8 4349
8 4358
8 4361
8 4365
8 4417
8 4419
8 4433
8 4437
8 4442
8 4451
8 4455
8 4471
8 4487
8 4494
8 4523
8 4525
8 4532
8 4533
8 4551
8 4555
8 4559
8 4581
8 4589
8 4602
8 4604
8 4609
8 4619
8 4626
8 4644
8 4660
8 4673
8 4676
8 4684
8 4685
8 4701
8 4703
8 4718
8 4719
8 4722
8 4725
8 4728
8 4774
8 4779
8 4789
8 4791
8 4802
8 4812
8 4813
8 4818
8 4839
8 4849
8 4862
8 4884
8 4909
8 4937
8 4938
8 4939
8 4944
8 4949
8 4956
8 4982
9 4
9 5
9 17
9 18
9 31
9 37
9 53
9 57
9 63
9 67
9 74
9 78
9 80
9 84
9 86
9 94
9 116
9 122
9 123
9 142
9 146
9 150
9 153
9 154
9 168
9 205
9 215
9 226
9 227
9 256
9 257
9 272
9 276
9 286
9 287
9 288
9 305
9 316
9 351
9 357
9 382
9 385
9 387
9 394
9 404
9 411
9 462
9 468
9 484
9 510
9 512
9 524
9 526
9 530
9 548
9 559
9 562
9 595
9 603
9 604
9 610
9 622
9 631
9 643
9 644
9 655
9 666
9 667
9 673
9 690
9 701
9 707
9 709
9 740
9 742
9 743
9 745
9 768
9 774
9 786
9 797
9 811
9 827
9 859
9 865
9 872
9 878
9 879
9 884
9 907
9 909
9 917
9 918
9 935
9 945
9 953
9 959
9 977
9 983
9 984
9 987
9 994
9 1002
9 1008
9 1009
9 1021
9 1028
9 1035
9 1036
9 1038
9 1054
9 1055
9 1057
9 1066
9 1070
9 1101
9 1103
9 1132
9 1138
9 1145
9 1149
9 1178
9 1196
9 1201
9 1238
9 1252
9 1254
9 1264
9 1275
9 1284
9 1322
9 1358
9 1365
9 1380
9 1385
9 1426
9 1441
9 1448
9 1451
9 1459
9 1463
9 1467
9 1468
9 1485
9 1486
9 1496
9 1508
9 1530
9 1534
9 1548
9 1555
9 1559
9 1567
9 1575
9 1584
9 1590
9 1604
9 1614
9 1616
9 1626
9 1636
9 1659
9 1664
9 1667
9 1681
9 1687
9 1700
9 1701
9 1726
9 1735
9 1749
9 1768
9 1792
9 1821
9 1829
9 1832
9 1835
9 1837
9 1842
9 1857
9 1876
9 1885
9 1896
9 1909
9 1924
9 1927
9 1931
9 1941
9 1957
9 1975
9 1981
9 1984
9 1991
9 1992
9 1995
9 2009
9 2022
9 2024
9 2038
9 2039
9 2051
9 2056
9 2101
9 2104
9 2140
9 2142
9 2151
9 2155
9 2186
9 2189
9 2191
9 2193
9 2200
9 2203
9 2206
9 2215
9 2243
9 2247
9 2271
9 2274
9 2293
9 2296
9 2315
9 2328
9 2329
9 2331
9 2332
9 2337
9 2344
9 2346
9 2354
9 2381
9 2405
9 2412
9 2413
9 2428
9 2441
9 2478
9 2481
9 2483
9 2484
9 2486
9 2487
9 2493
9 2497
9 2498
9 2515
9 2521
9 2538
9 2563
9 2566
9 2570
9 2582
9 2583
9 2589
9 2594
9 2597
9 2603
9 2613
9 2619
9 2622
9 2630
9 2646
9 2650
9 2660
9 2662
9 2667
9 2669
9 2672
9 2675
9 2677
9 2699
9 2706
9 2710
9 2718
9 2720
9 2742
9 2763
9 2764
9 2770
9 2777
9 2789
9 2799
9 2800
9 2811
9 2815
9 2817
9 2835
9 2841
9 2843
9 2885
9 2886
9 2892
9 2902
9 2909
9 2918
9 2921
9 2927
9 2932
9 2941
9 2958
9 2959
9 2965
9 2970
9 2971
9 2977
9 3010
9 3022
9 3031
9 3046
9 3049
9 3051
9 3061
9 3070
9 3078
9 3079
9 3102
9 3121
9 3127
9 3145
9 3151
9 3159
9 3164
9 3165
9 3187
9 3198
9 3205
9 3213
9 3229
9 3247
9 3255
9 3276
9 3280
9 3281
9 3288
9 3296
9 3315
9 3316
9 3317
9 3346
9 3347
9 3364
9 3365
9 3401
9 3414
9 3415
9 3417
9 3426
9 3450
9 3461
9 3465
9 3469
9 3482
9 3499
9 3506
9 3507
9 3515
9 3543
9 3591
9 3592
9 3628
9 3630
9 3632
9 3637
9 3645
9 3652
9 3654
9 3656
9 3675
9 3677
9 3683
9 3689
9 3693
9 3702
9 3717
9 3726
9 3727
9 3735
9 3757
9 3760
9 3763
9 3770
9 3790
9 3826
9 3831
9 3837
9 3849
9 3856
9 3883
9 3907
9 3916
9 3917
9 3920
9 3946
9 3953
9 3969
9 4012
9 4018
9 4026
9 4038
9 4062
9 4081
9 4088
9 4091
9 4095
9 4100
9 4105
9 4111
9 4115
9 4130
9 4137
9 4145
9 4185
9 4189
9 4194
9 4202
9 4205
9 4215
9 4226
9 4227
9 4240
9 4246
9 4264
9 4265
9 4267
9 4282
9 4285
9 4294
9 4317
9 4329
9 4342
9 4353
9 4366
9 4373
9 4385
9 4389
9 4398
9 4401
9 4417
9 4423
9 4432
9 4445
9 4453
9 4455
9 4461
9 4474
9 4488
9 4506
9 4509
9 4510
9 4515
9 4518
9 4524
9 4527
9 4531
9 4532
9 4537
9 4559
9 4563
9 4571
9 4574
9 4583
9 4586
9 4619
9 4623
9 4628
9 4634
9 4640
9 4641
9 4646
9 4647
9 4672
9 4675
9 4680
9 4681
9 4697
9 4709
9 4721
9 4730
9 4739
9 4741
9 4746
9 4773
9 4788
9 4791
9 4802
9 4812
9 4829
9 4830
9 4864
9 4865
9 4868
9 4876
9 4883
9 4884
9 4888
9 4889
9 4947
9 4967
9 4972
10 1
10 19
10 37
10 43
10 44
10 54
10 56
10 60
10 72
10 81
10 83
10 94
10 110
10 113
10 118
10 131
10 173
10 178
10 181
10 192
10 195
10 206
10 218
10 220
10 224
10 230
10 231
10 233
10 249
10 253
10 260
10 261
10 270
10 272
10 279
10 280
10 285
10 296
10 307
10 308
10 318
10 326
10 329
10 336
10 353
10 371
10 381
10 391
10 396
10 428
10 435
10 436
10 451
10 458
10 460
10 470
10 483
10 487
10 515
10 550
10 553
10 563
10 574
10 585
10 588
10 593
10 609
10 613
10 615
10 620
10 627
10 631
10 642
10 657
10 669
10 681
10 686
10 688
10 723
10 731
10 740
10 741
10 760
10 776
10 777
10 791
10 812
10 816
10 820
10 821
10 824
10 848
10 858
10 867
10 886
10 893
10 898
10 908
10 910
10 917
10 939
10 941
10 947
10 959
10 979
10 980
10 982
10 983
10 985
10 997
10 1009
10 1027
10 1068
10 1104
10 1110
10 1125
10 1127
10 1128
10 1129
10 1136
10 1147
10 1148
10 1151
10 1157
10 1167
10 1168
10 1172
10 1197
10 1198
10 1203
10 1218
10 1224
10 1225
10 1234
10 1239
10 1242
10 1246
10 1260
10 1264
10 1270
10 1274
10 1312
10 1319
10 1323
10 1326
10 1343
10 1360
10 1364
10 1376
10 1391
10 1402
10 1411
10 1420
10 1429
10 1432
10 1444
10 1445
10 1446
10 1448
10 1449
10 1468
10 1469
10 1473
10 1476
10 1478
10 1481
10 1488
10 1489
10 1493
10 1498
10 1504
10 1511
10 1529
10 1561
10 1563
10 1565
10 1580
10 1595
10 1604
10 1610
10 1632
10 1640
10 1650
10 1660
10 1664
10 1687
10 1734
10 1743
10 1745
10 1746
10 1751
10 1753
10 1759
10 1763
10 1764
10 1768
10 1773
10 1774
10 1776
10 1789
10 1803
10 1819
10 1825
10 1838
10 1840
10 1856
10 1861
10 1868
10 1873
10 1877
10 1884
10 1894
10 1914
10 1925
10 1932
10 1940
10 1948
10 1958
10 1965
10 1975
10 1986
10 1990
10 2007
10 2032
10 2037
10 2039
10 2040
10 2060
10 2071
10 2119
10 2141
10 2161
10 2164
10 2180
10 2202
10 2225
10 2227
10 2234
10 2260
10 2271
10 2307
10 2308
10 2310
10 2320
10 2327
10 2362
10 2367
10 2376
10 2385
10 2394
10 2396
10 2397
10 2402
10 2418
10 2422
10 2439
10 2440
10 2458
10 2467
10 2470
10 2480
10 2491
10 2495
10 2496
10 2501
10 2512
10 2522
10 2528
10 2531
10 2532
10 2541
10 2568
10 2580
10 2581
10 2596
10 2600
10 2639
10 2640
10 2643
10 2650
10 2654
10 2657
10 2663
10 2668
10 2692
10 2694
10 2699
10 2732
10 2750
10 2752
10 2759
10 2762
10 2795
10 2812
10 2814
10 2819
10 2827
10 2843
10 2853
10 2866
10 2869
10 2873
10 2884
10 2911
10 2916
10 2927
10 2940
10 2943
10 2949
10 2973
10 2992
10 2993
10 2994
10 3023
10 3053
10 3078
10 3081
10 3095
10 3098
10 3112
10 3123
10 3144
10 3147
10 3149
10 3150
10 3156
10 3172
10 3182
10 3185
10 3194
10 3202
10 3236
10 3244
10 3260
10 3271
10 3275
10 3282
10 3290
10 3303
10 3333
10 3338
10 3347
10 3373
10 3383
10 3393
10 3403
10 3415
10 3416
10 3419
10 3444
10 3449
10 3474
10 3476
10 3484
10 3487
10 3519
10 3524
10 3528
10 3531
10 3537
10 3558
10 3573
10 3590
10 3605
10 3627
10 3634
10 3645
10 3652
10 3667
10 3668
10 3671
10 3674
10 3678
10 3703
10 3704
10 3718
10 3726
10 3746
10 3750
10 3759
10 3766
10 3782
10 3785
10 3787
10 3791
10 3812
10 3819
10 3828
10 3830
10 3861
10 3865
10 3872
10 3877
10 3879
10 3884
10 3885
10 3891
10 3898
10 3908
10 3911
10 3917
10 3921
10 3923
10 3940
10 3942
10 3943
10 3964
10 3968
10 3979
10 3980
10 3996
10 4008
10 4022
10 4023
10 4060
10 4069
10 4073
10 4079
10 4082
10 4100
10 4112
10 4124
10 4129
10 4131
10 4140
10 4165
10 4193
10 4196
10 4207
10 4224
10 4232
10 4238
10 4257
10 4291
10 4315
10 4327
10 4363
10 4364
10 4397
10 4429
10 4439
10 4447
10 4453
10 4462
10 4465
10 4466
10 4478
10 4484
10 4495
10 4516
10 4522
10 4529
10 4530
10 4535
10 4539
10 4542
10 4545
10 4556
10 4566
10 4592
10 4598
10 4600
10 4602
10 4605
10 4611
10 4639
10 4646
10 4659
10 4679
10 4687
10 4702
10 4710
10 4731
10 4733
10 4736
10 4768
10 4776
10 4786
10 4823
10 4833
10 4844
10 4846
10 4848
10 4876
10 4877
10 4879
10 4884
10 4895
10 4899
10 4901
10 4913
10 4920
10 4923
10 4927
10 4928
10 4943
10 4948
10 4957
10 4966
10 4967
11 20
11 32
11 46
11 54
11 73
11 93
11 98
11 109
11 124
11 147
11 150
11 160
11 165
11 191
11 200
11 213
11 226
11 233
11 236
11 238
11 241
11 244
11 251
11 266
11 284
11 290
11 303
11 321
11 323
11 325
11 350
11 352
11 362
11 374
11 377
11 381
11 391
11 401
11 409
11 423
11 427
11 462
11 469
11 472
11 489
11 491
11 496
11 503
11 504
11 514
11 531
11 537
11 540
11 565
11 575
11 599
11 620
11 632
11 634
11 642
11 646
11 648
11 651
11 657
11 660
11 666
11 669
11 672
11 682
11 690
11 691
11 702
11 730
11 734
11 744
11 751
11 755
11 765
11 771
11 776
11 793
11 805
11 808
11 825
11 843
11 846
11 847
11 851
11 852
11 853
11 867
11 876
11 879
11 882
11 885
11 887
11 898
11 901
11 922
11 923
11 927
11 930
11 968
11 979
11 985
11 998
11 1028
11 1029
11 1037
11 1051
11 1052
11 1056
11 1064
11 1078
11 1092
11 1098
11 1108
11 1109
11 1116
11 1133
11 1140
11 1153
11 1161
11 1174
11 1187
11 1190
11 1201
11 1209
11 1217
11 1221
11 1225
11 1229
11 1234
11 1240
11 1243
11 1245
11 1264
11 1275
11 1293
11 1323
11 1327
11 1336
11 1340
11 1341
11 1348
11 1354
11 1361
11 1368
11 1392
11 1409
11 1426
11 1442
11 1445
11 1449
11 1461
11 1466
11 1482
11 1486
11 1549
11 1552
11 1562
11 1567
11 1584
11 1598
11 1615
11 1618
11 1635
11 1652
11 1657
11 1659
11 1661
11 1667
11 1668
11 1677
11 1692
11 1703
11 1713
11 1741
11 1746
11 1760
11 1802
11 1804
11 1812
11 1813
11 1831
11 1858
11 1869
11 1876
11 1880
11 1895
11 1897
11 1912
11 1914
11 1921
11 1929
11 1931
11 1947
11 1965
11 1989
11 2002
11 2010
11 2023
11 2027
11 2036
11 2043
11 2057
11 2066
11 2074
11 2083
11 2091
11 2099
11 2112
11 2128
11 2138
11 2141
11 2154
11 2156
11 2161
11 2167
11 2184
11 2198
11 2203
11 2210
11 2235
11 2238
11 2246
11 2257
11 2273
11 2277
11 2292
11 2293
11 2299
11 2309
11 2313
11 2315
11 2320
11 2325
11 2328
11 2336
11 2341
11 2358
11 2370
11 2380
11 2383
11 2386
11 2394
11 2398
11 2410
11 2431
11 2451
11 2453
11 2459
11 2468
11 2489
11 2494
11 2502
11 2513
11 2516
11 2531
11 2538
11 2539
11 2540
11 2565
11 2567
11 2586
11 2602
11 2607
11 2662
11 2681
11 2684
11 2685
11 2694
11 2701
11 2703
11 2734
11 2737
11 2750
11 2767
11 2769
11 2803
11 2843
11 2847
11 2862
11 2863
11 2890
11 2894
11 2915
11 2919
11 2926
11 2929
11 2944
11 2956
11 2975
11 2981
11 2989
11 3002
11 3023
11 3027
11 3030
11 3036
11 3044
11 3053
11 3060
11 3073
11 3075
11 3105
11 3118
11 3124
11 3125
11 3133
11 3136
11 3150
11 3152
11 3160
11 3169
11 3172
11 3175
11 3177
11 3189
11 3193
11 3198
11 3201
11 3215
11 3228
11 3239
11 3254
11 3258
11 3280
11 3293
11 3320
11 3347
11 3390
11 3397
11 3398
11 3408
11 3425
11 3427
11 3466
11 3485
11 3496
11 3504
11 3534
11 3539
11 3544
11 3558
11 3580
11 3595
11 3612
11 3618
11 3630
11 3632
11 3635
11 3654
11 3656
11 3660
11 3677
11 3681
11 3714
11 3718
11 3727
11 3736
11 3748
11 3754
11 3773
11 3777
11 3783
11 3785
11 3796
11 3805
11 3807
11 3815
11 3823
11 3829
11 3835
11 3853
11 3867
11 3880
11 3882
11 3891
11 3894
11 3896
11 3917
11 3924
11 3927
11 3939
11 3942
11 3947
11 3948
11 3960
11 3967
11 3971
11 3995
11 3998
11 4015
11 4018
11 4026
11 4040
11 4051
11 4058
11 4068
11 4080
11 4082
11 4090
11 4098
11 4112
11 4117
11 4136
11 4146
11 4149
11 4175
11 4180
11 4206
11 4211
11 4212
11 4213
11 4217
11 4223
11 4240
11 4241
11 4242
11 4246
11 4253
11 4255
11 4260
11 4264
11 4265
11 4305
11 4315
11 4319
11 4323
11 4326
11 4337
11 4339
11 4350
11 4373
11 4375
11 4391
11 4393
11 4396
11 4410
11 4441
11 4444
11 4446
11 4447
11 4449
11 4452
11 4457
11 4458
11 4460
11 4464
11 4539
11 4543
11 4581
11 4585
11 4586
11 4594
11 4602
11 4607
11 4610
11 4613
11 4615
11 4647
11 4650
11 4669
11 4675
11 4680
11 4682
11 4687
11 4689
11 4697
11 4700
11 4704
11 4706
11 4746
11 4762
11 4772
11 4773
11 4786
11 4789
11 4790
11 4811
11 4825
11 4831
11 4842
11 4851
11 4861
11 4871
11 4889
11 4898
11 4918
11 4921
11 4932
11 4934
11 4944
11 4949
11 4957
11 4959
11 4979
11 4981
11 4988
12 5
12 10
12 20
12 22
12 23
12 57
12 72
12 82
12 88
12 90
12 96
12 123
12 125
12 128
12 136
12 140
12 160
12 172
12 180
12 183
12 196
12 197
12 198
12 205
12 219
12 225
12 226
12 228
12 244
12 254
12 256
12 261
12 302
12 306
12 312
12 316
12 329
12 330
12 333
12 392
12 403
12 414
12 421
12 446
12 456
12 459
12 478
12 487
12 513
12 520
12 524
12 530
12 532
12 537
12 546
12 561
12 567
12 576
12 578
12 590
12 598
12 603
12 604
12 610
12 616
12 653
12 655
12 657
12 666
12 677
12 683
12 685
12 688
12 702
12 703
12 718
12 727
12 757
12 758
12 762
12 797
12 801
12 808
12 809
12 840
12 842
12 852
12 878
12 884
12 888
12 890
12 898
12 915
12 922
12 938
12 965
12 970
12 978
12 980
12 1000
12 1003
12 1014
12 1017
12 1021
12 1029
12 1042
12 1051
12 1055
12 1058
12 1076
12 1077
12 1078
12 1088
12 1098
12 1106
12 1116
12 1123
12 1125
12 1129
12 1143
12 1144
12 1145
12 1157
12 1160
12 1168
12 1173
12 1181
12 1200
12 1218
12 1226
12 1249
12 1271
12 1273
12 1279
12 1294
12 1300
12 1314
12 1335
12 1342
12 1343
12 1362
12 1367
12 1376
12 1388
12 1396
12 1434
12 1437
12 1438
12 1442
12 1445
12 1452
12 1467
12 1475
12 1485
12 1492
12 1503
12 1519
12 1521
12 1549
12 1559
12 1560
12 1582
12 1585
12 1593
12 1597
12 1599
12 1600
12 1627
12 1636
12 1644
12 1656
12 1657
12 1667
12 1669
12 1673
12 1681
12 1690
12 1693
12 1702
12 1707
12 1743
12 1755
12 1780
12 1791
12 1792
12 1793
12 1800
12 1801
12 1810
12 1816
12 1819
12 1858
12 1862
12 1867
12 1880
12 1887
12 1894
12 1896
12 1902
12 1903
12 1917
12 1921
12 1936
12 1937
12 1982
12 1984
12 1994
12 1995
12 1996
12 2001
12 2005
12 2012
12 2015
12 2039
12 2041
12 2045
12 2046
12 2048
12 2051
12 2052
12 2054
12 2062
12 2078
12 2084
12 2092
12 2094
12 2097
12 2101
12 2115
12 2118
12 2122
12 2124
12 2125
12 2130
12 2138
12 2147
12 2157
12 2165
12 2178
12 2181
12 2189
12 2201
12 2207
12 2216
12 2223
12 2234
12 2244
12 2248
12 2255
12 2266
12 2325
12 2327
12 2342
12 2361
12 2362
12 2374
12 2405
12 2406
12 2410
12 2412
12 2437
12 2453
12 2454
12 2457
12 2458
12 2463
12 2466
12 2475
12 2476
12 2482
12 2487
12 2490
12 2497
12 2504
12 2536
12 2555
12 2567
12 2569
12 2594
12 2597
12 2600
12 2606
12 2631
12 2633
12 2643
12 2645
12 2692
12 2694
12 2702
12 2703
12 2720
12 2734
12 2735
12 2736
12 2741
12 2747
12 2750
12 2770
12 2801
12 2831
12 2833
12 2840
12 2858
12 2870
12 2871
12 2876
12 2879
12 2917
12 2965
12 2972
12 2976
12 2977
12 2980
12 2994
12 2997
12 3027
12 3071
12 3076
12 3094
12 3099
12 3119
12 3130
12 3134
12 3135
12 3146
12 3154
12 3160
12 3163
12 3180
12 3181
12 3199
12 3215
12 3238
12 3242
12 3250
12 3260
12 3267
12 3277
12 3301
12 3308
12 3313
12 3317
12 3325
12 3397
12 3400
12 3404
12 3425
12 3439
12 3446
12 3461
12 3470
12 3478
12 3492
12 3496
12 3506
12 3523
12 3529
12 3537
12 3538
12 3540
12 3542
12 3546
12 3550
12 3551
12 3562
12 3566
12 3568
12 3569
12 3574
12 3599
12 3603
12 3608
12 3610
12 3615
12 3626
12 3628
12 3676
12 3741
12 3750
12 3762
12 3779
12 3780
12 3781
12 3787
12 3816
12 3820
12 3822
12 3844
12 3845
12 3851
12 3888
12 3894
12 3912
12 3918
12 3922
12 3932
12 3959
12 3961
12 3963
12 3967
12 3980
12 3996
12 4015
12 4020
12 4024
12 4032
12 4048
12 4049
12 4057
12 4090
12 4098
12 4103
12 4107
12 4119
12 4120
12 4162
12 4169
12 4176
12 4185
12 4191
12 4195
12 4197
12 4200
12 4234
12 4249
12 4259
12 4267
12 4296
12 4303
12 4304
12 4310
12 4339
12 4352
12 4362
12 4373
12 4377
12 4400
12 4403
12 4404
12 4407
12 4440
12 4445
12 4447
12 4456
12 4487
12 4488
12 4491
12 4492
12 4495
12 4498
12 4508
12 4538
12 4568
12 4570
12 4573
12 4576
12 4579
12 4589
12 4596
12 4604
12 4640
12 4644
12 4645
12 4652
12 4654
12 4683
12 4686
12 4700
12 4709
12 4719
12 4745
12 4759
12 4760
12 4761
12 4765
12 4771
12 4772
12 4774
12 4778
12 4783
12 4787
12 4792
12 4798
12 4800
12 4803
12 4810
12 4828
12 4833
12 4860
12 4884
12 4885
12 4887
12 4913
12 4915
12 4916
12 4924
12 4934
12 4935
12 4950
12 4986
13 4
13 11
13 27
13 33
13 49
13 59
13 66
13 74
13 82
13 109
13 111
13 133
13 163
13 196
13 197
13 209
13 225
13 246
13 252
13 253
13 259
13 260
13 270
13 276
13 277
13 279
13 286
13 292
13 294
13 323
13 336
13 339
13 344
13 345
13 389
13 392
13 406
13 407
13 410
13 414
13 426
13 436
13 444
13 466
13 471
13 485
13 486
13 491
13 499
13 504
13 507
13 509
13 522
13 525
13 527
13 531
13 548
13 553
13 561
13 562
13 564
13 568
13 610
13 633
13 650
13 666
13 672
13 689
13 690
13 700
13 701
13 702
13 712
13 730
13 733
13 735
13 737
13 741
13 745
13 766
13 778
13 834
13 838
13 850
13 867
13 870
13 879
13 883
13 885
13 888
13 894
13 910
13 919
13 932
13 936
13 939
13 947
13 956
13 972
13 995
13 997
13 1017
13 1018
13 1020
13 1027
13 1046
13 1050
13 1066
13 1072
13 1075
13 1082
13 1091
13 1112
13 1116
13 1126
13 1127
13 1128
13 1132
13 1143
13 1147
13 1153
13 1155
13 1168
13 1173
13 1177
13 1182
13 1187
13 1197
13 1213
13 1219
13 1221
13 1230
13 1233
13 1244
13 1246
13 1251
13 1255
13 1259
13 1264
13 1284
13 1297
13 1315
13 1320
13 1321
13 1343
13 1351
13 1354
13 1376
13 1394
13 1398
13 1403
13 1406
13 1407
13 1409
13 1434
13 1435
13 1444
13 1448
13 1451
13 1455
13 1457
13 1468
13 1472
13 1478
13 1480
13 1500
13 1542
13 1576
13 1577
13 1591
13 1593
13 1612
13 1633
13 1634
13 1636
13 1645
13 1650
13 1666
13 1668
13 1672
13 1685
13 1697
13 1701
13 1710
13 1717
13 1724
13 1735
13 1736
13 1746
13 1788
13 1790
13 1818
13 1821
13 1825
13 1829
13 1832
13 1843
13 1847
13 1849
13 1854
13 1877
13 1881
13 1884
13 1892
13 1894
13 1902
13 1903
13 1908
13 1912
13 1925
13 1938
13 1951
13 1989
13 2020
13 2033
13 2038
13 2040
13 2057
13 2073
13 2081
13 2086
13 2088
13 2093
13 2186
13 2199
13 2206
13 2211
13 2213
13 2228
13 2246
13 2258
13 2263
13 2285
13 2314
13 2338
13 2358
13 2366
13 2376
13 2383
13 2396
13 2405
13 2429
13 2435
13 2460
13 2463
13 2472
13 2503
13 2504
13 2512
13 2545
13 2551
13 2555
13 2570
13 2571
13 2592
13 2607
13 2638
13 2639
13 2652
13 2662
13 2664
13 2684
13 2692
13 2693
13 2699
13 2704
13 2711
13 2719
13 2728
13 2731
13 2732
13 2758
13 2784
13 2786
13 2789
13 2798
13 2820
13 2822
13 2840
13 2864
13 2865
13 2874
13 2888
13 2902
13 2914
13 2918
13 2939
13 2941
13 2946
13 2948
13 2956
13 2974
13 2976
13 2991
13 2996
13 2997
13 3019
13 3030
13 3032
13 3040
13 3059
13 3064
13 3070
13 3083
13 3085
13 3086
13 3093
13 3107
13 3116
13 3124
13 3141
13 3160
13 3164
13 3174
13 3186
13 3188
13 3202
13 3207
13 3222
13 3226
13 3233
13 3234
13 3272
13 3273
13 3279
13 3286
13 3288
13 3304
13 3305
13 3314
13 3323
13 3325
13 3328
13 3335
13 3339
13 3340
13 3343
13 3351
13 3358
13 3384
13 3386
13 3388
13 3415
13 3430
13 3434
13 3447
13 3451
13 3452
13 3455
13 3461
13 3468
13 3469
13 3472
13 3475
13 3495
13 3506
13 3515
13 3521
13 3524
13 3529
13 3547
13 3548
13 3569
13 3572
13 3589
13 3596
13 3598
13 3602
13 3690
13 3699
13 3714
13 3717
13 3725
13 3776
13 3785
13 3786
13 3787
13 3801
13 3804
13 3806
13 3811
13 3823
13 3828
13 3864
13 3865
13 3867
13 3884
13 3902
13 3904
13 3914
13 3915
13 3916
13 3944
13 3953
13 3957
13 3984
13 3994
13 3996
13 3997
13 4002
13 4007
13 4016
13 4019
13 4022
13 4027
13 4028
13 4029
13 4047
13 4053
13 4061
13 4065
13 4100
13 4101
13 4117
13 4148
13 4163
13 4164
13 4172
13 4183
13 4197
13 4205
13 4216
13 4220
13 4225
13 4226
13 4232
13 4271
13 4273
13 4290
13 4296
13 4308
13 4323
13 4326
13 4355
13 4366
13 4375
13 4389
13 4393
13 4426
13 4445
13 4451
13 4472
13 4476
13 4481
13 4486
13 4500
13 4502
13 4509
13 4518
13 4519
13 4521
13 4531
13 4536
13 4540
13 4542
13 4550
13 4561
13 4570
13 4582
13 4587
13 4602
13 4606
13 4614
13 4617
13 4621
13 4628
13 4635
13 4646
13 4656
13 4664
13 4705
13 4712
13 4715
13 4732
13 4737
13 4757
13 4762
13 4771
13 4792
13 4794
13 4796
13 4810
13 4814
13 4815
13 4832
13 4835
13 4840
13 4850
13 4864
13 4868
13 4870
13 4922
13 4928
13 4936
13 4939
13 4949
13 4960
13 4971
13 4977
13 4984
14 9
14 22
14 76
14 81
14 82
14 85
14 87
14 91
14 106
14 113
14 123
14 128
14 159
14 161
14 171
14 173
14 178
14 185
14 188
14 206
14 220
14 226
14 240
14 245
14 251
14 260
14 265
14 266
14 269
14 270
14 274
14 311
14 327
14 333
14 338
14 366
14 375
14 379
14 382
14 398
14 400
14 445
14 459
14 465
14 466
14 486
14 489
14 522
14 538
14 544
14 562
14 569
14 576
14 592
14 608
14 636
14 674
14 676
14 683
14 706
14 719
14 721
14 731
14 737
14 745
14 746
14 747
14 751
14 774
14 775
14 789
14 797
14 808
14 809
14 815
14 855
14 857
14 859
14 875
14 895
14 905
14 916
14 922
14 954
14 958
14 959
14 971
14 974
14 979
14 991
14 993
14 1002
14 1012
14 1027
14 1046
14 1047
14 1048
14 1050
14 1077
14 1087
14 1090
14 1100
14 1103
14 1107
14 1111
14 1140
14 1152
14 1154
14 1155
14 1157
14 1158
14 1160
14 1163
14 1166
14 1172
14 1183
14 1184
14 1192
14 1194
14 1213
14 1224
14 1234
14 1237
14 1238
14 1240
14 1243
14 1255
14 1263
14 1307
14 1320
14 1333
14 1342
14 1351
14 1354
14 1384
14 1391
14 1400
14 1405
14 1413
14 1426
14 1427
14 1432
14 1435
14 1445
14 1448
14 1450
14 1454
14 1461
14 1462
14 1468
14 1476
14 1486
14 1491
14 1530
14 1554
14 1559
14 1564
14 1585
14 1593
14 1600
14 1608
14 1629
14 1662
14 1666
14 1685
14 1686
14 1695
14 1710
14 1712
14 1714
14 1722
14 1725
14 1726
14 1742
14 1747
14 1749
14 1774
14 1780
14 1782
14 1791
14 1797
14 1804
14 1809
14 1813
14 1816
14 1819
14 1820
14 1823
14 1832
14 1838
14 1858
14 1867
14 1879
14 1897
14 1911
14 1913
14 1917
14 1939
14 1941
14 1944
14 1951
14 1961
14 1970
14 1973
14 2000
14 2004
14 2023
14 2025
14 2032
14 2045
14 2065
14 2069
14 2072
14 2080
14 2084
14 2086
14 2106
14 2122
14 2129
14 2131
14 2148
14 2159
14 2162
14 2163
14 2164
14 2166
14 2171
14 2195
14 2197
14 2199
14 2229
14 2234
14 2236
14 2237
14 2238
14 2247
14 2260
14 2272
14 2276
14 2278
14 2280
14 2281
14 2294
14 2301
14 2310
14 2337
14 2339
14 2349
14 2351
14 2356
14 2363
14 2400
14 2444
14 2445
14 2480
14 2481
14 2489
14 2496
14 2500
14 2508
14 2531
14 2536
14 2544
14 2554
14 2574
14 2602
14 2612
14 2621
14 2624
14 2631
14 2635
14 2648
14 2657
14 2659
14 2685
14 2688
14 2696
14 2697
14 2713
14 2727
14 2731
14 2734
14 2766
14 2781
14 2791
14 2805
14 2808
14 2830
14 2860
14 2861
14 2873
14 2876
14 2893
14 2922
14 2923
14 2930
14 2971
14 3000
14 3001
14 3017
14 3023
14 3032
14 3039
14 3049
14 3053
14 3054
14 3067
14 3068
14 3077
14 3084
14 3094
14 3095
14 3102
14 3114
14 3144
14 3145
14 3171
14 3174
14 3187
14 3193
14 3206
14 3209
14 3214
14 3220
14 3239
14 3245
14 3256
14 3257
14 3259
14 3271
14 3274
14 3293
14 3296
14 3298
14 3303
14 3304
14 3311
14 3334
14 3352
14 3354
14 3359
14 3370
14 3372
14 3374
14 3380
14 3382
14 3384
14 3393
14 3402
14 3427
14 3448
14 3456
14 3507
14 3513
14 3516
14 3522
14 3539
14 3600
14 3604
14 3612
14 3617
14 3625
14 3628
14 3636
14 3640
14 3674
14 3678
14 3688
14 3721
14 3729
14 3731
14 3736
14 3762
14 3764
14 3768
14 3783
14 3793
14 3794
14 3800
14 3809
14 3812
14 3850
14 3852
14 3855
14 3865
14 3875
14 3881
14 3882
14 3917
14 3923
14 3934
14 3962
14 3973
14 3977
14 3989
14 4005
14 4007
14 4025
14 4042
14 4046
14 4050
14 4055
14 4068
14 4072
14 4076
14 4080
14 4082
14 4086
14 4103
14 4106
14 4130
14 4141
14 4159
14 4168
14 4180
14 4184
14 4195
14 4218
14 4235
14 4238
14 4258
14 4290
14 4311
14 4314
14 4315
14 4319
14 4345
14 4346
14 4358
14 4367
14 4373
14 4375
14 4380
14 4381
14 4385
14 4403
14 4405
14 4408
14 4422
14 4431
14 4465
14 4470
14 4480
14 4487
14 4491
14 4495
14 4502
14 4504
14 4505
14 4513
14 4518
14 4524
14 4537
14 4538
14 4550
14 4564
14 4604
14 4608
14 4615
14 4616
14 4637
14 4654
14 4671
14 4672
14 4678
14 4699
14 4716
14 4720
14 4722
14 4727
14 4743
14 4758
14 4778
14 4784
14 4788
14 4801
14 4816
14 4818
14 4836
14 4838
14 4839
14 4843
14 4846
14 4859
14 4860
14 4861
14 4863
14 4885
14 4893
14 4897
14 4904
14 4908
14 4927
14 4931
14 4933
14 4942
14 4957
14 4964
14 4967
14 4968
15 10
15 29
15 42
15 44
15 51
15 61
15 70
15 71
15 76
15 92
15 104
15 106
15 117
15 128
15 146
15 154
15 163
15 177
15 186
15 187
15 196
15 206
15 209
15 216
15 224
15 229
15 230
15 235
15 249
15 257
15 269
15 275
15 288
15 299
15 306
15 319
15 350
15 365
15 385
15 388
15 389
15 411
15 413
15 417
15 443
15 473
15 480
15 494
15 498
15 508
15 514
15 526
15 528
15 530
15 550
15 551
15 552
15 556
15 563
15 566
15 571
15 574
15 605
15 607
15 627
15 633
15 636
15 638
15 654
15 665
15 668
15 672
15 683
15 698
15 731
15 739
15 745
15 757
15 769
15 773
15 776
15 780
15 786
15 788
15 793
15 798
15 807
15 812
15 818
15 826
15 835
15 839
15 843
15 852
15 860
15 861
15 870
15 878
15 901
15 910
15 923
15 927
15 934
15 940
15 941
15 961
15 963
15 972
15 977
15 979
15 986
15 1005
15 1017
15 1019
15 1021
15 1033
15 1036
15 1051
15 1064
15 1065
15 1070
15 1073
15 1074
15 1076
15 1092
15 1105
15 1113
15 1115
15 1122
15 1130
15 1158
15 1172
15 1173
15 1186
15 1191
15 1200
15 1206
15 1216
15 1224
15 1241
15 1247
15 1255
15 1256
15 1266
15 1274
15 1291
15 1333
15 1338
15 1351
15 1353
15 1367
15 1402
15 1408
15 1424
15 1428
15 1432
15 1467
15 1480
15 1486
15 1490
15 1501
15 1509
15 1522
15 1523
15 1528
15 1562
15 1583
15 1586
15 1588
15 1591
15 1600
15 1606
15 1618
15 1625
15 1639
15 1647
15 1653
15 1659
15 1672
15 1680
15 1688
15 1690
15 1728
15 1738
15 1743
15 1752
15 1760
15 1763
15 1766
15 1767
15 1768
15 1772
15 1773
15 1784
15 1787
15 1794
15 1802
15 1806
15 1823
15 1828
15 1844
15 1845
15 1873
15 1879
15 1903
15 1904
15 1907
15 1918
15 1929
15 1953
15 1967
15 1971
15 1977
15 1979
15 1994
15 1996
15 2023
15 2026
15 2028
15 2034
15 2057
15 2059
15 2079
15 2085
15 2092
15 2094
15 2104
15 2137
15 2144
15 2174
15 2182
15 2183
15 2198
15 2199
15 2227
15 2232
15 2235
15 2249
15 2264
15 2271
15 2299
15 2308
15 2324
15 2340
15 2342
15 2346
15 2352
15 2367
15 2374
15 2379
15 2406
15 2421
15 2431
15 2440
15 2451
15 2466
15 2471
15 2484
15 2485
15 2489
15 2492
15 2498
15 2501
15 2512
15 2534
15 2539
15 2575
15 2582
15 2590
15 2595
15 2596
15 2600
15 2604
15 2618
15 2630
15 2652
15 2660
15 2667
15 2672
15 2679
15 2689
15 2704
15 2710
15 2734
15 2736
15 2739
15 2751
15 2757
15 2764
15 2780
15 2793
15 2814
15 2823
15 2838
15 2843
15 2857
15 2881
15 2882
15 2891
15 2892
15 2893
15 2895
15 2911
15 2927
15 2928
15 2933
15 2942
15 2949
15 2950
15 2992
15 2993
15 3001
15 3006
15 3011
15 3031
15 3046
15 3049
15 3069
15 3089
15 3091
15 3111
15 3116
15 3129
15 3134
15 3136
15 3141
15 3146
15 3171
15 3191
15 3203
15 3209
15 3218
15 3265
15 3274
15 3292
15 3294
15 3295
15 3310
15 3340
15 3361
15 3368
15 3386
15 3405
15 3411
15 3416
15 3422
15 3428
15 3436
15 3437
15 3438
15 3453
15 3455
15 3478
15 3487
15 3491
15 3496
15 3524
15 3526
15 3547
15 3565
15 3566
15 3567
15 3591
15 3592
15 3606
15 3611
15 3630
15 3640
15 3653
15 3675
15 3683
15 3687
15 3701
15 3704
15 3732
15 3734
15 3739
15 3745
15 3752
15 3761
15 3762
15 3767
15 3782
15 3785
15 3789
15 3818
15 3843
15 3845
15 3847
15 3850
15 3859
15 3871
15 3872
15 3873
15 3876
15 3884
15 3885
15 3915
15 3918
15 3930
15 3934
15 3942
15 3954
15 3956
15 3984
15 3990
15 4000
15 4014
15 4016
15 4028
15 4049
15 4062
15 4064
15 4075
15 4082
15 4085
15 4095
15 4099
15 4138
15 4154
15 4161
15 4166
15 4169
15 4172
15 4174
15 4177
15 4182
15 4184
15 4191
15 4194
15 4205
15 4207
15 4212
15 4215
15 4233
15 4239
15 4254
15 4269
15 4274
15 4278
15 4291
15 4322
15 4325
15 4372
15 4374
15 4402
15 4405
15 4430
15 4431
15 4446
15 4455
15 4465
15 4473
15 4492
15 4508
15 4520
15 4525
15 4533
15 4542
15 4550
15 4592
15 4598
15 4605
15 4617
15 4618
15 4630
15 4631
15 4633
15 4636
15 4675
15 4704
15 4719
15 4737
15 4743
15 4751
15 4767
15 4774
15 4780
15 4807
15 4815
15 4817
15 4821
15 4822
15 4827
15 4828
15 4830
15 4841
15 4855
15 4857
15 4865
15 4872
15 4883
15 4903
15 4907
15 4918
15 4921
15 4936
15 4944
15 4952
15 4965
16 4
16 17
16 18
16 21
16 42
16 55
16 64
16 68
16 70
16 88
16 94
16 105
16 115
16 122
16 123
16 130
16 135
16 143
16 173
16 174
16 179
16 183
16 190
16 203
16 207
16 211
16 254
16 257
16 258
16 259
16 264
16 269
16 279
16 286
16 295
16 305
16 308
16 320
16 322
16 341
16 343
16 367
16 391
16 400
16 407
16 428
16 448
16 449
16 489
16 494
16 498
16 499
16 508
16 515
16 542
16 554
16 601
16 605
16 607
16 624
16 630
16 642
16 649
16 669
16 673
16 675
16 679
16 695
16 712
16 719
16 735
16 737
16 746
16 747
16 753
16 765
16 766
16 772
16 781
16 785
16 790
16 801
16 819
16 836
16 841
16 865
16 867
16 869
16 875
16 886
16 898
16 905
16 920
16 924
16 927
16 960
16 965
16 985
16 993
16 996
16 997
16 999
16 1013
16 1016
16 1035
16 1045
16 1072
16 1094
16 1121
16 1126
16 1132
16 1139
16 1146
16 1157
16 1161
16 1163
16 1167
16 1173
16 1185
16 1201
16 1208
16 1217
16 1219
16 1226
16 1255
16 1261
16 1271
16 1272
16 1297
16 1310
16 1331
16 1332
16 1347
16 1380
16 1388
16 1407
16 1412
16 1418
16 1422
16 1427
16 1430
16 1460
16 1464
16 1472
16 1477
16 1479
16 1483
16 1486
16 1487
16 1489
16 1515
16 1533
16 1543
16 1554
16 1576
16 1592
16 1598
16 1623
16 1630
16 1632
16 1636
16 1637
16 1652
16 1659
16 1660
16 1664
16 1671
16 1677
16 1681
16 1685
16 1699
16 1703
16 1704
16 1706
16 1723
16 1724
16 1734
16 1758
16 1768
16 1781
16 1796
16 1801
16 1805
16 1815
16 1824
16 1829
16 1831
16 1840
16 1841
16 1845
16 1853
16 1868
16 1876
16 1898
16 1908
16 1922
16 1957
16 1973
16 1979
16 1981
16 1984
16 1994
16 1997
16 2004
16 2006
16 2014
16 2027
16 2031
16 2035
16 2044
16 2051
16 2059
16 2060
16 2064
16 2067
16 2071
16 2084
16 2091
16 2101
16 2112
16 2120
16 2122
16 2124
16 2147
16 2173
16 2179
16 2180
16 2184
16 2196
16 2209
16 2220
16 2222
16 2223
16 2233
16 2247
16 2265
16 2267
16 2276
16 2277
16 2278
16 2290
16 2293
16 2297
16 2301
16 2312
16 2325
16 2339
16 2351
16 2361
16 2369
16 2375
16 2379
16 2392
16 2394
16 2407
16 2427
16 2431
16 2433
16 2448
16 2452
16 2457
16 2459
16 2512
16 2513
16 2532
16 2534
16 2559
16 2565
16 2568
16 2574
16 2583
16 2588
16 2593
16 2609
16 2621
16 2630
16 2643
16 2652
16 2664
16 2673
16 2675
16 2683
16 2718
16 2730
16 2731
16 2732
16 2739
16 2773
16 2774
16 2775
16 2791
16 2795
16 2818
16 2827
16 2847
16 2856
16 2857
16 2876
16 2881
16 2888
16 2892
16 2918
16 2944
16 2949
16 2953
16 2956
16 2963
16 2972
16 2987
16 2997
16 2998
16 3004
16 3017
16 3021
16 3022
16 3030
16 3038
16 3039
16 3056
16 3067
16 3085
16 3100
16 3116
16 3130
16 3135
16 3156
16 3160
16 3170
16 3184
16 3187
16 3188
16 3203
16 3220
16 3237
16 3249
16 3255
16 3256
16 3293
16 3332
16 3335
16 3337
16 3357
16 3415
16 3421
16 3425
16 3429
16 3457
16 3481
16 3483
16 3490
16 3499
16 3502
16 3506
16 3508
16 3515
16 3565
16 3567
16 3584
16 3591
16 3604
16 3619
16 3627
16 3642
16 3651
16 3655
16 3665
16 3666
16 3669
16 3675
16 3698
16 3708
16 3714
16 3715
16 3716
16 3720
16 3730
16 3731
16 3749
16 3752
16 3754
16 3767
16 3770
16 3777
16 3780
16 3790
16 3802
16 3808
16 3814
16 3820
16 3821
16 3847
16 3854
16 3865
16 3881
16 3892
16 3908
16 3927
16 3933
16 3935
16 3943
16 3944
16 3949
16 3952
16 3955
16 3974
16 3989
16 3994
16 3996
16 4006
16 4023
16 4025
16 4036
16 4086
16 4101
16 4110
16 4119
16 4136
16 4138
16 4142
16 4160
16 4161
16 4164
16 4174
16 4178
16 4186
16 4205
16 4221
16 4225
16 4242
16 4265
16 4283
16 4300
16 4309
16 4329
16 4343
16 4350
16 4357
16 4360
16 4366
16 4387
16 4396
16 4397
16 4398
16 4405
16 4420
16 4427
16 4432
16 4438
16 4480
16 4486
16 4487
16 4510
16 4519
16 4528
16 4551
16 4567
16 4574
16 4578
16 4583
16 4595
16 4610
16 4616
16 4617
16 4618
16 4644
16 4662
16 4676
16 4702
16 4706
16 4716
16 4733
16 4741
16 4757
16 4770
16 4773
16 4776
16 4777
16 4782
16 4784
16 4791
16 4808
16 4812
16 4817
16 4828
16 4832
16 4833
16 4865
16 4882
16 4908
16 4910
16 4911
16 4919
16 4926
16 4932
16 4938
16 4942
16 4946
16 4949
16 4960
16 4982
17 1
17 5
17 7
17 10
17 11
17 16
17 17
17 29
17 33
17 40
17 47
17 51
17 53
17 56
17 63
17 71
17 86
17 91
17 99
17 105
17 120
17 128
17 135
17 140
17 152
17 155
17 189
17 199
17 202
17 204
17 213
17 215
17 222
17 228
17 232
17 233
17 235
17 237
17 252
17 267
17 269
17 280
17 359
17 364
17 380
17 386
17 391
17 396
17 406
17 429
17 447
17 472
17 490
17 500
17 504
17 520
17 532
17 533
17 536
17 584
17 606
17 615
17 623
17 635
17 664
17 683
17 708
17 727
17 739
17 752
17 753
17 776
17 785
17 800
17 810
17 811
17 826
17 830
17 852
17 871
17 873
17 896
17 916
17 934
17 949
17 950
17 955
17 957
17 968
17 972
17 984
17 987
17 991
17 992
17 996
17 1001
17 1025
17 1032
17 1048
17 1050
17 1056
17 1070
17 1081
17 1108
17 1137
17 1139
17 1175
17 1196
17 1201
17 1211
17 1222
17 1224
17 1238
17 1244
17 1254
17 1257
17 1258
17 1262
17 1269
17 1270
17 1275
17 1309
17 1313
17 1319
17 1323
17 1333
17 1355
17 1358
17 1369
17 1414
17 1462
17 1489
17 1491
17 1492
17 1502
17 1505
17 1508
17 1510
17 1511
17 1530
17 1544
17 1551
17 1552
17 1586
17 1587
17 1593
17 1594
17 1615
17 1622
17 1637
17 1639
17 1645
17 1647
17 1658
17 1660
17 1668
17 1669
17 1670
17 1692
17 1697
17 1703
17 1724
17 1754
17 1755
17 1759
17 1764
17 1770
17 1772
17 1775
17 1780
17 1786
17 1795
17 1801
17 1819
17 1820
17 1823
17 1826
17 1844
17 1845
17 1870
17 1873
17 1875
17 1878
17 1879
17 1893
17 1897
17 1908
17 1920
17 1942
17 1956
17 1966
17 1975
17 1980
17 1981
17 1983
17 2013
17 2018
17 2023
17 2039
17 2041
17 2056
17 2098
17 2107
17 2137
17 2139
17 2158
17 2160
17 2161
17 2167
17 2171
17 2177
17 2188
17 2190
17 2193
17 2199
17 2212
17 2213
17 2218
17 2226
17 2233
17 2236
17 2243
17 2249
17 2255
17 2267
17 2274
17 2287
17 2297
17 2299
17 2326
17 2335
17 2338
17 2346
17 2354
17 2356
17 2362
17 2365
17 2371
17 2374
17 2389
17 2390
17 2406
17 2411
17 2418
17 2431
17 2435
17 2436
17 2439
17 2441
17 2445
17 2448
17 2452
17 2474
17 2480
17 2502
17 2511
17 2519
17 2520
17 2522
17 2538
17 2580
17 2589
17 2602
17 2609
17 2615
17 2619
17 2621
17 2628
17 2636
17 2679
17 2700
17 2702
17 2716
17 2729
17 2733
17 2746
17 2771
17 2776
17 2783
17 2785
17 2792
17 2821
17 2840
17 2882
17 2915
17 2934
17 2970
17 2971
17 2987
17 2995
17 2997
17 2999
17 3010
17 3012
17 3027
17 3101
17 3124
17 3131
17 3132
17 3140
17 3152
17 3155
17 3161
17 3170
17 3173
17 3181
17 3194
17 3197
17 3205
17 3206
17 3207
17 3208
17 3259
17 3288
17 3298
17 3303
17 3323
17 3336
17 3349
17 3355
17 3362
17 3372
17 3378
17 3380
17 3387
17 3388
17 3409
17 3411
17 3412
17 3440
17 3448
17 3460
17 3464
17 3466
17 3469
17 3497
17 3505
17 3516
17 3517
17 3538
17 3540
17 3548
17 3551
17 3557
17 3561
17 3567
17 3587
17 3598
17 3605
17 3606
17 3629
17 3640
17 3652
17 3653
17 3654
17 3655
17 3657
17 3677
17 3686
17 3697
17 3701
17 3708
17 3718
17 3732
17 3735
17 3745
17 3751
17 3784
17 3809
17 3829
17 3850
17 3854
17 3855
17 3875
17 3889
17 3894
17 3901
17 3915
17 3921
17 3922
17 3927
17 3938
17 3940
17 3942
17 3943
17 3946
17 3950
17 3952
17 3964
17 3968
17 3970
17 3985
17 3990
17 3993
17 3994
17 4004
17 4011
17 4023
17 4025
17 4030
17 4032
17 4036
17 4044
17 4053
17 4067
17 4070
17 4071
17 4078
17 4081
17 4087
17 4090
17 4111
17 4124
17 4138
17 4174
17 4175
17 4179
17 4182
17 4192
17 4197
17 4199
17 4202
17 4206
17 4216
17 4226
17 4236
17 4240
17 4281
17 4282
17 4285
17 4287
17 4297
17 4308
17 4328
17 4362
17 4365
17 4384
17 4391
17 4392
17 4393
17 4395
17 4404
17 4411
17 4414
17 4424
17 4435
17 4437
17 4461
17 4486
17 4512
17 4513
17 4525
17 4526
17 4527
17 4528
17 4583
17 4602
17 4612
17 4613
17 4631
17 4634
17 4648
17 4656
17 4659
17 4662
17 4673
17 4698
17 4716
17 4720
17 4745
17 4749
17 4754
17 4760
17 4764
17 4765
17 4767
17 4792
17 4796
17 4801
17 4808
17 4815
17 4824
17 4840
17 4876
17 4877
17 4893
17 4906
17 4908
17 4917
17 4920
17 4923
17 4947
17 4949
17 4951
17 4954
17 4957
17 4962
17 4964
17 4979
17 4997
18 6
18 8
18 14
18 17
18 21
18 23
18 41
18 50
18 53
18 62
18 81
18 83
18 86
18 99
18 104
18 117
18 120
18 122
18 125
18 130
18 141
18 154
18 156
18 158
18 161
18 170
18 171
18 175
18 180
18 183
18 199
18 200
18 218
18 221
18 222
18 232
18 251
18 254
18 255
18 269
18 290
18 292
18 293
18 301
18 302
18 312
18 323
18 331
18 342
18 375
18 391
18 400
18 413
18 420
18 436
18 442
18 460
18 471
18 475
18 483
18 491
18 495
18 499
18 506
18 517
18 518
18 538
18 548
18 550
18 574
18 576
18 579
18 603
18 614
18 629
18 635
18 643
18 657
18 668
18 680
18 705
18 714
18 716
18 720
18 728
18 729
18 732
18 733
18 742
18 744
18 751
18 752
18 765
18 766
18 770
18 792
18 801
18 812
18 819
18 845
18 852
18 866
18 872
18 881
18 889
18 893
18 898
18 928
18 932
18 939
18 940
18 970
18 990
18 998
18 1014
18 1015
18 1029
18 1038
18 1042
18 1043
18 1046
18 1048
18 1052
18 1064
18 1069
18 1070
18 1074
18 1076
18 1090
18 1091
18 1103
18 1105
18 1114
18 1119
18 1138
18 1139
18 1151
18 1155
18 1159
18 1164
18 1165
18 1176
18 1180
18 1192
18 1194
18 1208
18 1214
18 1229
18 1236
18 1243
18 1244
18 1256
18 1271
18 1291
18 1312
18 1338
18 1343
18 1357
18 1360
18 1368
18 1378
18 1386
18 1389
18 1397
18 1401
18 1403
18 1439
18 1447
18 1452
18 1461
18 1465
18 1468
18 1485
18 1490
18 1510
18 1512
18 1514
18 1527
18 1532
18 1538
18 1554
18 1591
18 1599
18 1624
18 1652
18 1664
18 1667
18 1673
18 1677
18 1678
18 1686
18 1694
18 1704
18 1718
18 1719
18 1731
18 1750
18 1754
18 1761
18 1763
18 1771
18 1798
18 1810
18 1816
18 1823
18 1827
18 1833
18 1846
18 1851
18 1852
18 1863
18 1887
18 1915
18 1916
18 1917
18 1918
18 1925
18 1941
18 1952
18 2000
18 2028
18 2032
18 2033
18 2036
18 2050
18 2062
18 2091
18 2092
18 2098
18 2102
18 2106
18 2115
18 2120
18 2161
18 2174
18 2177
18 2195
18 2209
18 2213
18 2221
18 2229
18 2255
18 2267
18 2271
18 2277
18 2281
18 2291
18 2292
18 2293
18 2297
18 2323
18 2344
18 2367
18 2382
18 2392
18 2408
18 2411
18 2414
18 2416
18 2417
18 2425
18 2428
18 2442
18 2445
18 2460
18 2480
18 2481
18 2501
18 2502
18 2523
18 2524
18 2532
18 2537
18 2548
18 2551
18 2554
18 2559
18 2567
18 2577
18 2588
18 2593
18 2597
18 2599
18 2600
18 2606
18 2607
18 2616
18 2617
18 2635
18 2660
18 2667
18 2672
18 2697
18 2701
18 2711
18 2718
18 2725
18 2750
18 2754
18 2755
18 2757
18 2779
18 2790
18 2797
18 2805
18 2834
18 2847
18 2852
18 2884
18 2886
18 2910
18 2915
18 2923
18 2927
18 2928
18 2935
18 2943
18 2945
18 2974
18 2997
18 3000
18 3023
18 3026
18 3028
18 3036
18 3053
18 3064
18 3082
18 3103
18 3114
18 3119
18 3120
18 3121
18 3138
18 3141
18 3153
18 3164
18 3171
18 3175
18 3181
18 3184
18 3186
18 3200
18 3208
18 3221
18 3223
18 3252
18 3253
18 3260
18 3274
18 3281
18 3304
18 3306
18 3312
18 3322
18 3325
18 3334
18 3341
18 3354
18 3364
18 3382
18 3384
18 3392
18 3402
18 3405
18 3410
18 3423
18 3424
18 3426
18 3427
18 3438
18 3447
18 3452
18 3454
18 3458
18 3460
18 3468
18 3482
18 3497
18 3501
18 3519
18 3528
18 3554
18 3559
18 3566
18 3570
18 3576
18 3590
18 3610
18 3620
18 3621
18 3649
18 3664
18 3691
18 3693
18 3700
18 3702
18 3713
18 3721
18 3726
18 3738
18 3747
18 3750
18 3751
18 3756
18 3794
18 3800
18 3804
18 3850
18 3888
18 3897
18 3910
18 3926
18 3939
18 3954
18 3956
18 3972
18 3977
18 3988
18 4013
18 4030
18 4034
18 4037
18 4053
18 4071
18 4072
18 4078
18 4081
18 4103
18 4113
18 4123
18 4128
18 4130
18 4135
18 4136
18 4146
18 4149
18 4168
18 4179
18 4198
18 4224
18 4233
18 4251
18 4292
18 4293
18 4294
18 4297
18 4307
18 4311
18 4327
18 4337
18 4353
18 4366
18 4381
18 4382
18 4408
18 4414
18 4430
18 4471
18 4500
18 4502
18 4541
18 4561
18 4569
18 4573
18 4587
18 4599
18 4606
18 4645
18 4676
18 4677
18 4696
18 4699
18 4707
18 4714
18 4720
18 4722
18 4723
18 4752
18 4758
18 4777
18 4782
18 4783
18 4794
18 4802
18 4808
18 4812
18 4819
18 4854
18 4864
18 4867
18 4879
18 4884
18 4902
18 4908
18 4909
18 4918
18 4959
18 4962
18 4989
19 8
19 16
19 53
19 72
19 89
19 92
19 99
19 107
19 125
19 128
19 135
19 142
19 144
19 153
19 165
19 167
19 172
19 178
19 184
19 185
19 197
19 250
19 251
19 271
19 281
19 289
19 299
19 317
19 320
19 321
19 331
19 339
19 370
19 375
19 389
19 390
19 395
19 397
19 399
19 417
19 425
19 432
19 468
19 478
19 483
19 494
19 496
19 507
19 509
19 533
19 548
19 558
19 562
19 565
19 584
19 594
19 604
19 612
19 613
19 639
19 656
19 657
19 679
19 681
19 695
19 698
19 704
19 709
19 714
19 724
19 729
19 741
19 750
19 755
19 765
19 783
19 798
19 799
19 803
19 809
19 824
19 825
19 846
19 849
19 858
19 865
19 871
19 880
19 881
19 884
19 886
19 891
19 899
19 903
19 932
19 949
19 950
19 963
19 967
19 968
19 974
19 1000
19 1004
19 1005
19 1006
19 1014
19 1024
19 1030
19 1039
19 1044
19 1049
19 1052
19 1053
19 1064
19 1068
19 1079
19 1100
19 1120
19 1122
19 1141
19 1146
19 1174
19 1175
19 1195
19 1200
19 1202
19 1219
19 1223
19 1234
19 1243
19 1244
19 1246
19 1251
19 1258
19 1266
19 1268
19 1290
19 1298
19 1300
19 1334
19 1341
19 1350
19 1357
19 1386
19 1390
19 1403
19 1407
19 1413
19 1419
19 1423
19 1435
19 1439
19 1455
19 1460
19 1471
19 1492
19 1499
19 1509
19 1510
19 1514
19 1522
19 1526
19 1547
19 1575
19 1594
19 1613
19 1616
19 1637
19 1643
19 1655
19 1688
19 1695
19 1698
19 1702
19 1713
19 1720
19 1726
19 1729
19 1731
19 1733
19 1734
19 1735
19 1737
19 1777
19 1783
19 1792
19 1794
19 1846
19 1857
19 1863
19 1865
19 1884
19 1897
19 1904
19 1919
19 1936
19 1945
19 1960
19 1969
19 1970
19 1976
19 1980
19 1984
19 1988
19 1991
19 1993
19 1998
19 2006
19 2011
19 2018
19 2032
19 2033
19 2045
19 2053
19 2084
19 2091
19 2092
19 2110
19 2124
19 2132
19 2160
19 2166
19 2180
19 2185
19 2200
19 2221
19 2224
19 2225
19 2245
19 2254
19 2261
19 2266
19 2272
19 2299
19 2303
19 2306
19 2363
19 2376
19 2385
19 2413
19 2419
19 2433
19 2438
19 2440
19 2454
19 2471
19 2477
19 2487
19 2499
19 2503
19 2508
19 2512
19 2549
19 2561
19 2563
19 2566
19 2574
19 2576
19 2605
19 2613
19 2614
19 2641
19 2656
19 2668
19 2678
19 2684
19 2711
19 2731
19 2741
19 2745
19 2754
19 2757
19 2762
19 2781
19 2788
19 2789
19 2797
19 2800
19 2808
19 2861
19 2864
19 2875
19 2890
19 2897
19 2927
19 2949
19 2950
19 2964
19 2985
19 2997
19 3003
19 3009
19 3010
19 3024
19 3026
19 3031
19 3034
19 3046
19 3054
19 3108
19 3113
19 3116
19 3119
19 3152
19 3165
19 3171
19 3180
19 3215
19 3216
19 3232
19 3247
19 3265
19 3273
19 3288
19 3308
19 3329
19 3335
19 3342
19 3346
19 3349
19 3361
19 3371
19 3386
19 3387
19 3388
19 3390
19 3407
19 3410
19 3411
19 3423
19 3424
19 3435
19 3440
19 3443
19 3447
19 3456
19 3458
19 3460
19 3467
19 3476
19 3480
19 3501
19 3509
19 3545
19 3555
19 3559
19 3568
19 3594
19 3608
19 3612
19 3620
19 3625
19 3630
19 3652
19 3662
19 3673
19 3676
19 3685
19 3689
19 3701
19 3711
19 3728
19 3738
19 3753
19 3761
19 3769
19 3781
19 3791
19 3816
19 3828
19 3839
19 3843
19 3851
19 3853
19 3858
19 3875
19 3880
19 3888
19 3895
19 3902
19 3916
19 3947
19 3966
19 3974
19 3979
19 3980
19 3984
19 4003
19 4026
19 4027
19 4032
19 4035
19 4046
19 4061
19 4063
19 4068
19 4109
19 4113
19 4119
19 4126
19 4144
19 4156
19 4158
19 4161
19 4162
19 4165
19 4167
19 4174
19 4185
19 4190
19 4195
19 4205
19 4229
19 4235
19 4261
19 4266
19 4272
19 4289
19 4291
19 4292
19 4302
19 4308
19 4316
19 4317
19 4338
19 4339
19 4353
19 4354
19 4385
19 4391
19 4401
19 4413
19 4414
19 4465
19 4467
19 4473
19 4490
19 4492
19 4505
19 4509
19 4522
19 4526
19 4540
19 4544
19 4545
19 4547
19 4549
19 4563
19 4565
19 4574
19 4580
19 4582
19 4592
19 4618
19 4622
19 4628
19 4658
19 4674
19 4686
19 4695
19 4704
19 4722
19 4724
19 4733
19 4744
19 4763
19 4773
19 4775
19 4780
19 4784
19 4796
19 4799
19 4807
19 4810
19 4811
19 4823
19 4826
19 4831
19 4835
19 4836
19 4841
19 4843
19 4866
19 4875
19 4882
19 4885
19 4904
19 4905
19 4906
19 4918
19 4922
19 4938
19 4956
19 4957
19 4960
19 4965
19 4980
19 4981
19 4986
19 4999
